h_dormir,h_alimentarse,h_cuipersonal,h_estudio,h_domesticas,h_ocio,h_medico,sexo,edad,educ_in,anio_ed,publ,trabaja_rem,hijos,celular,log_ing,AFAM_h,aniosed_h,act,inact,servdom_pag,tv,tv_abon,compu,disc_h,mdeo
8,1.5,2,4,0,1,0,0,14,1,2,0,0,0,1,10.83475773021699,0,7,2,2,0,1,0,1,0,1
10,.5,.25,7,0,3,0,1,16,1,4,1,0,0,1,10.5703082877786,1,9,1,3,0,1,1,1,0,0
8.5,1,.3333333432674408,7,0,1,0,1,14,1,1,1,0,0,0,9.378861795492991,1,9,1,3,0,1,0,1,0,1
10,2,1,4,1,2,0,0,16,1,4,1,0,0,1,10.69731117056821,1,11,2,3,0,1,1,1,0,0
10,2,.5,4,0,1,0,0,14,1,2,1,0,0,1,10.69731117056821,1,11,2,3,0,1,1,1,0,0
8,.5,.5,4,3,0,0,0,30,1,5,1,0,1,1,10.82339453787679,1,10,0,5,0,1,0,1,0,1
8,1,1,0,0,2,0,1,17,1,4,1,0,0,1,9.957187074634401,0,11,1,1,0,1,0,1,0,0
8,1,.25,0,0,1.5,0,1,20,1,2,1,0,0,1,10.37879438656717,0,9.75,1,3,0,1,1,1,0,1
9,1.5,1,0,.25,1,0,0,19,1,4,1,0,0,1,10.37879438656717,0,9.75,1,3,0,1,1,1,0,1
7,1,1,0,0,3,0,1,18,0,5,1,0,0,1,10.8388053168929,1,11.66666666666667,2,3,0,1,1,1,0,1
7,1,1,5,0,1,0,0,16,1,4,0,0,0,1,10.8388053168929,1,11.66666666666667,2,3,0,1,1,1,0,1
8,1,1,3,1,1,0,0,26,1,5,1,0,0,1,11.067752585115,0,10,0,2,0,1,1,1,0,0
10,.0833333358168602,.5,3,0,3,0,1,17,1,3,1,0,0,1,10.40795450271898,0,7,1,2,0,1,1,1,0,0
10,1.5,.3333333432674408,2,0,4,0,1,18,1,5,0,0,0,1,10.84636724413876,0,13,1,3,0,1,1,1,0,1
8,.3333333432674408,1,0,0,0,0,1,21,1,3,1,1,0,1,11.19112678323678,1,11.25,1,6,0,1,1,1,0,0
7,.8333333134651184,1,5,0,2,0,1,18,1,3,1,0,0,1,10.60081548157543,1,11,2,2,0,1,1,1,0,0
9,1.5,2,0,2,0,3,0,15,1,2,1,0,1,1,10.35846741860202,1,7.5,2,3,1,1,1,1,0,1
0,0,.75,0,1,6,0,1,16,1,3,1,0,0,1,10.48107516121104,0,16,1,1,0,1,1,1,0,0
8,1,.5,.5,0,2,0,1,14,1,2,1,0,0,1,11.18472760111323,0,11,2,2,0,1,1,1,0,0
10,1,1,0,1,0,0,0,15,1,3,1,0,0,1,10.90755415243549,1,11,1,3,0,1,1,1,0,0
10,2,2,0,1,4,0,0,18,1,4,1,0,0,1,10.27455936655376,1,7.5,2,2,0,1,1,1,0,1
8,2,1,7,0,2,0,1,15,1,2,1,0,0,1,10.27455936655376,1,7.5,2,2,0,1,1,1,0,1
7,2,1,5,0,2,0,1,17,1,4,0,0,0,0,11.22880282798303,0,11.5,2,4,0,1,0,1,0,1
8,1,.5,2,0,3,0,0,17,1,4,1,0,0,1,10.19859013635325,1,9,1,2,0,1,1,1,0,0
8,1,.5,0,0,0,0,0,14,1,2,1,0,0,1,10.51994319564057,1,10.66666666666667,3,2,0,1,1,1,0,0
8,1,.5,0,1,1,0,0,45,0,4,1,1,1,1,10.64542489726551,0,11,0,4,0,1,0,1,0,1
7,1,1,0,0,8,0,1,14,1,1,1,0,0,1,10.97741004110991,0,6.75,2,3,0,1,1,1,0,0
8,2,.4166666567325592,2,4,0,0,0,16,1,3,1,0,0,0,10.58217425694596,1,7.5,1,3,0,1,1,1,0,1
10,2,2,0,1,6,0,0,17,1,1,1,0,0,1,9.732596199892896,1,2,1,2,0,1,1,1,0,0
9,1.5,.5,2,0,3,0,0,15,1,3,1,0,0,1,11.47256273996958,0,11.4,4,3,0,1,1,1,0,0
9,1.5,1,2,0,3,0,1,15,1,2,1,0,0,1,11.47256273996958,0,11.4,4,3,0,1,1,1,0,0
10,1,1,9,0,1,0,1,17,1,3,1,0,0,1,10.3511576983193,1,3.333333333333334,2,2,0,1,1,1,1,0
8,2.5,1,7,1,1,0,0,16,1,4,0,0,0,1,11.05026218929077,0,13.5,1,2,0,1,1,1,0,1
9,1.25,1,5,.25,1.5,0,1,18,1,5,1,0,0,1,10.68648594892361,0,11.66666666666667,3,1,0,1,1,1,0,1
9,1,.5,4,0,1,0,0,18,1,5,0,0,0,1,12.12681545425783,0,15.25,2,3,1,1,1,1,0,1
7,1,1.333333373069763,4,0,3,0,1,14,1,2,0,0,0,1,11.05768275533679,0,16,2,2,1,1,1,1,0,0
7,.5,1,5,0,3.5,0,1,14,1,2,1,0,0,1,11.05768275533679,0,16,2,2,1,1,1,1,0,0
12,1,.75,0,0,6,0,1,18,1,5,1,0,0,1,10.94074557826445,0,10,1,3,0,1,1,1,0,0
10,2,.5,.5,.5,0,0,1,16,1,4,1,0,0,1,11.95125368353836,0,12,1,3,1,1,1,1,0,0
8,.75,.6666666865348816,2,1,0,0,0,17,1,4,1,0,0,1,10.9036668115965,1,9.666666666666666,2,7,0,1,1,1,0,0
8,.4166666567325592,.6666666865348816,2.5,0,2,0,0,16,1,3,1,0,0,1,10.9036668115965,1,9.666666666666666,2,7,0,1,1,1,0,0
7,.6666666865348816,.5,3,.6666666865348816,0,0,1,19,0,3,1,0,0,1,9.621576793967551,0,9.5,0,2,0,1,0,1,0,1
7,1.25,1,0,0,5,0,1,15,1,3,1,0,0,1,11.1261437305766,0,11,1,4,0,1,0,1,0,1
8,.5166666507720947,2,2,10,0,0,0,19,1,1,1,0,0,1,10.86489905792599,1,6.857142857142857,2,8,0,1,1,0,0,0
9,1,1.5,3,0,3,0,1,16,1,4,0,0,0,1,10.84284355734128,0,16,1,3,1,1,0,1,0,1
8,.5,1,6,0,0,0,0,15,1,4,1,0,0,1,10.8039476383422,0,10.5,1,2,0,1,1,1,0,0
10,1.5,.5,1,0,2,0,1,14,1,2,1,0,0,1,10.67570326585332,1,15,1,2,0,1,0,1,0,1
5,2,1,0,.5,3,0,0,18,1,5,0,0,0,1,11.71635973823108,0,9,2,2,0,1,1,1,0,1
8,2,.5,4,0,2,0,1,18,1,6,1,0,0,0,11.44674363879068,0,17.33333333333333,3,3,1,1,1,1,0,0
8,2,.5,7,.5,2,0,1,15,1,3,0,0,0,1,11.44674363879068,0,17.33333333333333,3,3,1,1,1,1,0,0
7,1,1,0,1.5,0,0,1,26,1,5,1,1,0,1,10.93519633309571,0,13,0,3,0,1,0,1,0,1
12,1,1,0,0,2,0,1,16,1,1,1,0,0,1,10.11080045778226,0,9,2,1,0,1,1,0,0,0
7,.5,.5,5,0,0,0,1,16,1,2,1,0,0,0,10.33665806276447,1,4,1,3,0,1,1,0,0,1
8,1,1,4,0,2,0,0,14,1,3,1,0,0,0,9.975808214115753,0,12.5,2,2,0,1,1,1,0,0
9,1,2,4,0,1,0,1,17,1,5,0,0,0,1,11.72135034614967,0,14.33333333333333,2,2,0,1,1,1,0,1
6,1,.5833333134651184,8,1,4,0,1,16,1,3,1,1,0,1,10.61521234566212,0,9,1,2,0,1,1,1,0,0
6,1,.3499999940395355,4,.6666666865348816,2,0,1,15,1,1,1,0,0,0,10.61521234566212,0,9,1,2,0,1,1,1,0,0
6,1,.5,6,0,0,1.5,1,14,1,2,0,0,0,1,11.05638724875805,0,9,2,2,1,1,1,1,0,1
8,2,1.5,5,0,0,0,0,16,1,4,0,0,0,1,11.05638724875805,0,9,2,2,1,1,1,1,0,1
8,1.5,1,0,0,0,0,1,22,1,2,1,1,0,1,10.72694673027384,0,7.2,1,6,0,1,1,1,0,0
8,1,1,0,0,0,0,0,20,1,2,1,1,0,1,10.72694673027384,0,7.2,1,6,0,1,1,1,0,0
10,2,1,0,0,0,0,1,17,1,1,1,1,0,0,10.72694673027384,0,7.2,1,6,0,1,1,1,0,0
11,.6666666865348816,.4166666567325592,.5,0,3,0,1,15,1,3,1,0,0,1,10.21151254747482,0,9,3,1,0,1,1,1,0,0
10,.25,.3333333432674408,.5,0,0,0,1,14,1,3,1,0,0,1,10.49521228638917,0,9.5,1,2,0,1,1,1,0,0
7,1,1.166666626930237,1,7,0,0,0,40,1,5,1,0,1,1,11.03858283586485,0,9.666666666666666,1,4,0,1,1,1,0,0
9,1.75,2,2,1.75,2,0,1,18,1,3,1,0,0,1,11.03858283586485,0,9.666666666666666,1,4,0,1,1,1,0,0
9,1.5,1,8,0,2,0,1,14,1,2,0,0,0,0,10.49811962298483,0,8,1,4,0,1,1,1,0,1
9,2,2.5,0,0,4,0,0,14,1,2,1,0,0,0,10.27664934230383,1,8.5,1,4,0,1,1,1,0,0
9,1.5,1,7,.5,0,0,0,17,1,3,1,0,0,1,10.16637533326613,1,4,2,4,0,1,1,1,0,0
8,1.5,1,6,.5,0,0,0,15,1,3,1,0,0,1,10.16637533326613,1,4,2,4,0,1,1,1,0,0
8,1,.6666666865348816,3,1,2,0,0,20,1,4,1,0,0,1,11.14107364699438,0,14,2,2,0,1,1,1,0,1
6,1,1,0,3,.5,0,0,37,1,5,1,1,1,1,10.60023075963539,1,10,1,5,0,1,1,1,0,0
8,1,.6666666865348816,3,1,1.5,0,1,14,1,2,1,0,0,1,10.60023075963539,1,10,1,5,0,1,1,1,0,0
8,1,.5,0,0,2,0,1,22,1,5,1,1,0,1,11.38985520152636,0,13,2,2,0,1,1,1,0,1
8,1,.5,5,0,4,0,1,18,1,3,0,0,0,1,10.73828228789056,0,12,0,3,0,1,0,1,0,1
7,.5,1,6,0,0,0,0,14,1,2,1,0,0,1,11.36708317468857,0,15.33333333333333,1,4,0,1,1,1,0,0
8,2,.3333333432674408,0,.1666666716337204,0,0,1,14,1,1,1,0,0,0,9.168476167877484,0,4,1,1,0,1,0,0,0,0
8,1,1,0,0,0,0,1,21,1,5,1,0,0,1,11.80506807441892,0,14.33333333333333,2,2,0,1,1,1,0,0
7,1,1,5,1,0,0,1,17,1,5,1,0,0,1,11.80506807441892,0,14.33333333333333,2,2,0,1,1,1,0,0
10,3,1,0,2,8,0,0,17,1,2,1,0,0,1,9.513525091851351,1,10,0,4,0,0,0,0,0,1
9,2,1,0,0,7,0,0,16,1,1,1,0,0,0,9.513525091851351,1,10,0,4,0,0,0,0,0,1
8,3,1,3,3,0,0,0,34,0,6,1,1,1,1,11.02720624351059,1,10.5,0,4,0,1,1,1,0,0
8,1,2,5,.3333333432674408,0,1,0,17,1,2,1,0,0,1,11.04246092952355,0,8,1,4,0,1,0,1,0,0
6,.5333333611488342,.5,2,0,0,0,0,20,1,5,1,0,0,0,9.53348852159513,0,7.666666666666667,3,0,0,1,1,1,0,0
0,.5,.5166666507720947,2,0,0,0,0,19,1,4,1,0,0,0,9.53348852159513,0,7.666666666666667,3,0,0,1,1,1,0,0
7,1,1,6,0,2,0,0,16,1,4,0,0,0,1,11.02147165676012,0,18,1,2,0,1,1,1,0,1
8,1.5,1.5,5,1,0,0,0,23,1,5,0,0,0,1,11.58706437950237,0,13,0,3,0,1,0,1,0,1
8,.5,.1666666716337204,0,0,3,0,1,14,1,2,1,0,0,0,10.59062823012008,1,11,1,3,0,1,1,1,0,1
4,.5,.3333333432674408,5,2,.75,0,0,15,1,1,1,0,0,0,10.07343718233685,1,6,1,3,0,1,1,1,0,1
10,1,1,0,1,3,0,1,16,1,4,1,0,0,1,10.16726428054563,1,9,2,3,0,1,1,1,0,0
7,.5,1,8,0,2,0,0,17,1,5,0,0,0,1,11.60286177683089,0,16.5,1,2,1,1,1,1,0,1
10,.5,.5,5,3,0,0,0,17,1,5,1,0,0,1,9.760057039175749,1,9,1,2,0,1,1,0,0,0
8,.5,.5,4,0,5.5,0,1,14,1,2,1,1,0,0,10.5756962960121,1,8,1,6,0,1,1,1,1,0
0,.5,2,0,1,0,0,0,14,1,1,1,1,0,0,9.370014311254552,1,8,0,5,0,1,0,0,0,0
9,2,2,0,0,0,0,1,14,1,1,1,1,0,0,9.370014311254552,1,8,0,5,0,1,0,0,0,0
8,.3333333432674408,.1666666716337204,0,0,1,0,1,21,1,5,1,0,0,1,10.58189521249465,1,8.4,1,6,0,1,1,0,0,1
8,2,2,4,0,0,0,0,16,1,4,0,0,0,1,12.46432886815185,0,16.33333333333333,1,4,0,1,1,1,0,1
8,1.75,.3333333432674408,0,0,12,0,1,17,1,5,1,0,0,1,11.17873648059853,1,8.333333333333334,4,5,0,1,0,1,0,0
9,1.5,.3333333432674408,0,4,1,0,0,16,1,3,1,0,1,1,11.17873648059853,1,8.333333333333334,4,5,0,1,0,1,0,0
8,1.5,1.666666626930237,1,0,2,0,0,15,1,1,1,0,0,0,10.65639865107281,1,7.5,1,5,0,1,1,1,0,1
6,.5,1,0,3,0,0,0,19,1,3,1,0,0,1,10.3297490206041,1,9.25,3,2,0,1,0,1,0,1
9,.6666666865348816,1.5,5,0,2,0,1,14,1,1,1,0,0,1,10.3297490206041,1,9.25,3,2,0,1,0,1,0,1
7,1,1,5,0,0,0,1,15,1,2,1,0,0,1,9.495372910684985,1,7.5,1,5,0,1,0,1,0,0
10,1,1.5,0,0,2,0,0,19,1,2,1,1,0,1,9.94270826568941,0,9.5,0,2,0,1,0,1,1,0
8,1,1,.9833333492279053,2,3,0,0,18,1,4,1,0,1,1,9.892505114513797,1,5,4,2,0,1,0,1,0,0
8,1,1,6,0,0,0,1,16,1,1,1,0,0,0,10.60560587182579,0,7.5,1,3,0,1,1,1,0,1
12,1.100000023841858,1,2,1,1,0,0,14,1,1,1,0,0,0,10.18443038981781,1,6,2,3,0,1,1,1,0,0
8,1,.5,3,0,4,0,1,17,1,5,1,0,0,1,10.18443038981781,1,6,2,3,0,1,1,1,0,0
10,2,.5,0,0,2,0,1,17,1,2,1,0,0,1,10.16117022062993,1,7.5,1,3,0,1,1,1,0,1
9,1,1,6,.1666666716337204,1,3,0,14,1,1,1,0,0,0,9.370807843758083,1,6,1,3,0,1,0,1,0,1
6,.5,.6666666865348816,7,0,1,0,1,17,1,3,1,0,0,0,11.15943202610136,1,9,5,2,0,1,1,0,0,0
10,2,1.5,6.5,0,0,2,0,18,1,5,1,0,0,1,10.11080045778226,0,12,1,1,0,1,1,0,0,0
8,.8333333134651184,1,2,0,0,0,1,15,1,4,1,0,0,1,10.33946246684887,0,10,2,2,0,1,1,1,0,0
9,2,1,5.5,0,0,0,0,18,1,4,1,1,0,1,10.54534143870852,0,7.8,1,5,0,1,1,1,0,0
9.5,3,1.083333373069763,5,0,1,0,0,15,1,3,1,0,0,1,10.54534143870852,0,7.8,1,5,0,1,1,1,0,0
6,1.5,1,4,0,1.333333373069763,0,0,17,1,5,0,0,0,1,11.15216647838527,0,9.666666666666666,3,1,0,1,1,1,0,0
8,1,.25,0,0,2,0,1,19,1,2,1,1,0,1,10.84796527235831,0,9.333333333333334,0,4,0,1,1,1,0,0
7,1,.1666666716337204,0,0,8,0,1,14,1,2,0,0,0,1,10.80502579965073,0,10.5,1,2,0,1,1,1,0,1
9,1.333333373069763,1,7,2,2,0,0,16,1,4,1,0,0,0,10.29623854351487,1,7.5,2,4,0,1,0,1,0,1
9,1,1,6,0,3,0,0,14,1,3,1,0,0,1,10.29623854351487,1,7.5,2,4,0,1,0,1,0,1
8,1.5,.5,0,.5,2,0,1,16,1,2,1,0,0,1,9.531703683346786,1,6.5,3,2,0,1,0,1,0,0
12,1,.3333333432674408,0,2,0,0,0,15,1,2,1,0,0,1,9.531703683346786,1,6.5,3,2,0,1,0,1,0,0
8,1.5,.3333333432674408,0,0,3,0,1,14,1,1,1,0,0,0,9.531703683346786,1,6.5,3,2,0,1,0,1,0,0
15,.5,.4833333194255829,0,0,4,0,1,14,1,2,1,0,0,1,10.67614383688992,0,7,1,2,0,1,1,1,0,0
8,1,2,4,1,1,0,0,22,1,2,1,1,0,1,9.126958763037132,0,7.5,0,2,0,1,1,0,0,0
6,1.5,1.5,2.5,0,2,0,1,46,1,5,1,1,0,1,10.29182967323748,0,10,0,2,0,1,0,1,0,0
6,.5,.6666666865348816,7,0,0,0,0,16,1,3,1,0,0,1,10.78783102136416,1,6.6,4,4,0,1,1,1,0,0
6,.75,.25,0,0,0,14,1,16,1,2,1,0,0,1,10.78783102136416,1,6.6,4,4,0,1,1,1,0,0
6,2,.5,3,0,0,0,0,16,1,4,0,0,0,1,11.28552009499444,1,8.25,1,5,0,1,1,1,0,0
8,1,.1666666716337204,5,0,0,0,1,15,1,2,1,0,0,0,9.517611078240936,1,9,1,2,0,1,1,1,0,1
8,2,1,0,0,2,0,1,17,1,2,1,0,0,0,10.1439787917976,1,9,2,2,0,1,0,1,0,0
9,1,.5,4,0,0,0,0,16,1,4,1,0,0,1,10.23353501498373,1,7.5,1,3,0,1,1,1,0,0
7,.5,.5,0,1,0,0,0,14,1,3,1,0,0,1,10.16313273904401,0,9,3,1,0,1,1,1,0,0
8,1,.5,5,.25,0,0,0,14,1,2,1,0,0,1,10.13291611174543,1,5,3,1,0,1,0,1,0,0
10,1,1,7,0,0,0,0,15,1,1,1,0,0,0,9.875255245111191,1,7.5,2,1,0,1,1,1,0,0
6,.25,.1666666716337204,3,8,0,0,0,36,0,2,1,1,1,1,10.80071105464304,1,9,1,6,0,1,1,1,0,0
10,.3333333432674408,0,5,1,.5,0,1,15,1,2,1,0,0,1,10.80071105464304,1,9,1,6,0,1,1,1,0,0
12,1,1.5,4,0,0,0,0,17,1,3,1,0,0,1,9.871207099962083,1,9,1,1,0,1,0,1,0,0
7,2,.6666666865348816,9,0,1,0,0,16,1,4,1,0,0,1,10.64146707541116,0,4,3,2,0,1,0,1,1,1
10,1,1,6,0,4,0,0,16,1,4,1,0,0,1,10.36823740483332,1,6,2,1,0,1,1,1,0,0
12,.5,1.5,0,2,4,0,0,15,1,1,1,0,0,1,9.572529087102032,1,5,1,1,0,1,1,1,0,0
5.5,1,1.25,6,0,0,0,1,19,1,4,1,1,0,1,10.31193530731633,1,8.666666666666666,0,5,0,1,0,1,0,0
8,.5,2,0,3,0,0,0,19,1,5,1,0,0,1,10.31035334589321,0,9.666666666666666,3,1,0,1,1,1,0,0
8,1.5,.5,4,0,.6666666865348816,0,0,16,1,4,0,0,0,1,12.37974902355599,0,21.5,1,4,1,1,1,1,0,1
8,1.5,1.5,8,0,0,0,0,15,1,3,1,0,0,0,10.26785458635086,0,6,3,0,0,1,1,1,1,0
9,.5,.3333333432674408,4,1,0,0,0,15,1,3,1,0,0,1,10.74923392427272,1,16,1,3,0,1,0,1,0,1
9,1,1,0,0,2,0,1,17,1,4,1,0,0,0,10.64459338437364,1,10.5,2,4,0,1,1,1,0,0
9,1,.0666666701436043,5,0,2,0,1,16,1,5,1,0,0,0,10.64459338437364,1,10.5,2,4,0,1,1,1,0,0
12,.3333333432674408,1,8,2,0,0,0,18,1,5,1,0,0,1,9.851622340248744,0,12,1,1,0,1,1,1,0,0
9,1,1,3,0,1.5,0,0,16,1,4,0,0,0,1,9.341800381135705,1,6,1,3,0,1,0,1,0,1
8,2,1.5,0,0,1.5,0,1,18,1,5,1,1,0,1,11.29104861105602,0,7,0,4,0,1,1,1,0,0
8,.5,1,5,0,2,0,0,18,1,3,1,1,0,1,10.6028503759033,0,7.5,0,5,0,1,1,1,0,0
10,.25,.5,2,0,1,0,0,15,1,3,1,0,0,1,11.14250070985731,1,12,1,5,0,1,1,1,0,0
8,2,.5,6,0,0,0,0,16,1,4,1,0,0,1,10.59486817364835,0,11,1,3,0,1,1,1,0,0
8,2,1,0,2,0,0,1,17,1,1,1,0,0,0,10.28264927083199,1,9,2,4,0,1,1,1,0,1
8,2,2,1.5,2,0,0,0,16,1,1,1,0,0,0,10.28264927083199,1,9,2,4,0,1,1,1,0,1
9,1.25,1,4,0,1,0,1,16,1,3,1,0,0,1,11.1026580441951,0,12,2,2,0,1,1,1,0,1
6,1,.2666666805744171,0,.5,2,0,1,18,1,5,1,1,0,0,11.16236606860619,1,11,0,4,0,1,1,1,0,0
7,1.5,2,6,.25,2,0,1,17,1,5,1,0,0,0,10.73117567845071,0,7.5,1,2,0,1,1,1,0,1
10,.5,.25,1,1,2,0,0,15,1,2,1,0,0,1,10.03995276230734,1,4,4,2,0,1,0,1,1,0
8,1,.3333333432674408,0,0,0,0,1,19,1,1,1,1,0,1,11.28996564677606,0,6.666666666666667,0,3,0,1,1,1,0,0
8,1,.5,5,0,3,0,1,17,1,3,1,1,0,1,10.92138279510453,0,9.666666666666666,1,4,0,1,0,1,0,1
8,1,1,2,0,0,0,1,16,1,1,1,0,0,0,11.02535646390487,0,7.666666666666667,2,3,0,1,1,1,0,0
8,2,.5,0,0,2,0,1,18,1,2,1,0,0,1,11.0868200538135,0,9.25,4,3,0,1,1,1,0,0
8,2,1,0,0,6,0,1,16,1,5,0,0,0,1,11.63035697218106,0,11,2,2,0,1,1,1,0,1
7,2,1,6,0,3,0,1,15,1,2,1,0,0,0,10.40181259784858,1,9,3,4,0,1,1,1,0,0
9,3,1,6,1,0,0,0,24,1,5,1,1,0,1,11.3115490316448,0,13.75,1,3,0,1,1,1,0,1
8,.5,.5,5,0,1.5,0,1,15,1,1,1,0,0,0,10.15716363863842,1,7.5,1,4,0,1,0,1,0,0
8,1,1,7,0,3,0,0,16,1,4,1,0,0,1,11.08980542162334,0,14.5,1,3,1,1,1,1,0,1
6,1,1,7,0,0,0,0,14,1,2,1,0,0,1,11.08980542162334,0,14.5,1,3,1,1,1,1,0,1
8,1,.3333333432674408,3,0,1,0,0,27,1,5,1,1,1,1,11.28147198161273,1,10.33333333333333,2,2,0,1,1,1,2,1
8,.25,.25,5,0,1,0,0,14,1,3,1,0,0,1,10.17645413125824,0,5.5,2,2,0,1,0,1,0,1
7,2,1,1,1.5,0,0,0,23,1,2,1,1,0,1,10.98537238073204,0,10,0,2,0,1,1,1,0,0
10,1.5,.5,0,.5,5,0,0,16,1,4,1,0,0,1,10.83608559451001,0,11,2,2,0,1,0,1,0,0
10,.6666666865348816,0,0,0,2,0,1,14,1,2,0,0,0,1,11.19429884390709,0,10.5,1,2,0,1,1,1,0,0
8,1,1,0,2,3,0,0,35,1,2,1,0,0,1,10.03337554519898,0,7.5,2,0,0,1,0,1,0,0
8,.5,1.5,0,0,2,0,1,20,1,4,1,0,0,0,10.24074697924191,0,7.333333333333333,3,1,0,1,1,1,1,0
8,1,2,0,0,0,0,0,15,1,1,1,0,0,1,10.49425172470511,0,8,2,4,0,1,1,1,0,0
10,1,0,0,0,0,0,1,23,1,4,1,1,0,1,11.18660512304524,0,10.4,0,5,0,1,1,1,0,0
8,1.5,1,0,0,0,0,0,21,1,5,1,1,0,1,11.18660512304524,0,10.4,0,5,0,1,1,1,0,0
9,1,.3333333432674408,0,1,0,2,0,26,1,5,1,1,1,1,10.88784899750652,1,10,0,3,0,1,1,1,0,0
10,1.5,.6666666865348816,0,.5,4,0,1,17,1,4,1,0,0,1,10.47051750181118,1,12,2,1,0,1,1,1,0,1
10,1,.6666666865348816,0,.5,5,0,1,14,1,2,1,0,0,1,10.47051750181118,1,12,2,1,0,1,1,1,0,1
8,.5,1,8,1.5,4,0,0,20,1,5,1,0,0,1,10.65416374492277,0,9.75,3,1,0,1,1,1,0,1
4,.5,.5,10,0,0,0,0,19,1,4,1,0,0,1,10.65416374492277,0,9.75,3,1,0,1,1,1,0,1
6,1,.25,2,1,0,0,0,27,1,5,1,1,0,1,10.23573719607007,0,7,2,2,0,1,1,0,0,0
8,.25,.5,4,0,0,0,0,16,1,1,1,0,0,1,10.64487712821981,1,9,2,6,0,1,1,1,0,1
8,.25,.5,4,0,0,0,0,14,1,1,1,0,0,0,10.64487712821981,1,9,2,6,0,1,1,1,0,1
6,.3333333432674408,1,0,0,1,0,0,17,1,1,1,0,0,1,10.81347491939361,1,6,1,4,0,1,1,1,0,0
6,2,1,3,0,0,0,1,19,1,4,1,1,0,1,10.98914011443596,1,9.142857142857142,3,5,0,1,0,1,0,0
10,1.333333373069763,.5,0,0,2,0,1,20,1,3,0,1,0,1,10.46310334047155,0,7.666666666666667,2,6,0,1,0,1,0,0
9,.6666666865348816,.6666666865348816,7,1,1,0,0,16,1,3,0,0,0,1,10.46310334047155,0,7.666666666666667,2,6,0,1,0,1,0,0
8,.6666666865348816,1,7,0,1.5,0,0,14,1,1,0,0,0,0,10.46310334047155,0,7.666666666666667,2,6,0,1,0,1,0,0
6,.6666666865348816,1.166666626930237,4.5,0,2,0,0,15,1,2,0,0,0,0,11.37565727061918,0,16,2,1,1,1,0,1,0,1
10,1,1,2,0,5,0,0,14,1,1,1,0,0,1,10.00730462770224,1,10,1,1,0,1,1,1,0,0
8,2,1,3,2,0,0,0,14,1,2,1,0,0,0,10.6674216609677,0,10,1,4,0,1,0,0,0,1
8,2,1,6,0,4,0,1,17,1,2,1,0,0,0,11.01020326913625,1,7,4,6,0,1,0,1,1,1
14,.5,.5,4,1,0,0,1,16,1,4,1,0,0,0,9.815755896697873,1,9,1,3,0,1,0,1,0,0
8,1,.5,3,0,0,4,0,20,1,3,1,0,0,1,10.83487298404101,0,6.333333333333333,1,2,0,1,1,1,0,1
12,1.5,1,0,0,5,0,1,17,1,4,1,0,0,1,10.59498587447552,1,11.33333333333333,2,3,0,1,1,1,0,1
6,1.5,1,0,1,1,0,0,41,0,5,1,1,1,1,9.933403087257579,0,11,0,1,0,1,0,0,0,0
10,2,1.25,2,.5,1,0,0,18,1,3,1,0,0,0,10.22252423459786,1,9,3,2,0,0,0,1,1,0
8,1.25,1,1.5,1.25,0,0,0,16,1,1,1,0,0,0,10.22252423459786,1,9,3,2,0,0,0,1,1,0
8,1.5,1.75,3.5,.75,1.5,0,0,14,1,1,1,0,0,0,10.22252423459786,1,9,3,2,0,0,0,1,1,0
8,1,.5,6,0,5,0,1,18,1,4,1,0,0,1,10.86066722068989,0,9,1,1,0,1,1,1,0,1
2,0,1,0,.5,3,0,0,15,1,1,1,0,0,1,10.67419860175443,0,8.666666666666666,2,2,0,1,1,1,0,0
7,1,.5,5.5,0,0,0,0,15,1,1,1,0,0,0,10.38786676165642,1,5.5,3,3,0,1,1,1,1,0
10,.9833333492279053,1,1.5,0,1.5,0,1,17,1,2,1,0,0,1,10.08431895692296,1,8,1,3,0,1,0,1,0,0
10,1,.5,6,2,2,0,1,14,1,1,1,0,0,0,10.82975396147689,0,2.333333333333334,1,3,0,1,0,1,0,1
8,.5,.75,0,0,2.5,0,1,24,1,5,1,1,0,1,10.60593237574711,0,11.5,0,2,0,1,0,0,0,1
12,1,2,0,0,0,0,1,15,1,1,1,0,0,0,10.32198865498042,0,3,3,4,0,1,1,1,3,1
7,2,1,6,0,1,0,1,15,1,3,1,0,0,1,11.01923142076626,0,11.5,1,4,0,1,1,1,0,0
9,1.5,.5,8,.5,3,0,1,15,1,3,1,0,0,1,11.44550934974951,0,11.5,3,3,0,1,0,1,0,1
8,.5,1,7.5,0,2,0,0,14,1,2,0,0,0,1,11.555479846042,0,16,2,3,0,1,1,1,0,1
9,1,2,6,2,1.5,0,0,17,1,5,1,0,0,1,10.50575432584278,1,10,1,3,0,1,1,1,0,1
8,1.5,1.5,6,0,0,0,0,14,1,1,1,0,0,0,11.05638724875805,0,8.333333333333334,1,3,0,1,1,1,0,1
8,1,1,3,1,3,0,0,17,1,5,0,0,0,1,11.2141641099724,0,16,1,1,1,1,1,1,0,1
8,3,1,6,1,0,0,0,15,1,3,1,0,0,1,10.39732720274056,1,10,1,3,1,1,1,1,0,0
6,2,.5,4,0,0,0,1,19,1,4,1,1,0,1,10.19531053955476,1,10,0,3,0,1,1,1,0,0
6,2,1.5,8,2,3,0,0,17,1,5,1,0,0,1,10.31608383990308,1,16,1,1,0,1,1,1,0,0
10,1.5,1,6,2,1,0,0,14,1,2,1,0,0,0,10.21418033616985,0,8,1,3,0,1,0,1,0,0
9,.5,.5,1.5,0,0,3,0,15,1,1,1,0,0,1,10.38553532698498,1,9,1,2,0,1,1,1,0,1
10,.3333333432674408,.5,7,1,0,0,0,14,1,1,1,0,0,1,10.52624713943617,1,9.5,1,3,0,1,1,1,0,0
9,1,1,0,4,2,0,0,17,1,2,1,0,1,1,9.778489362643285,1,6,1,2,0,1,0,0,0,0
10,.5,2,2,0,0,0,0,20,1,4,1,1,0,1,10.75544155624447,0,8.5,0,5,0,1,1,0,0,1
6,2,.5,5.5,0,2,0,1,14,1,2,0,0,0,1,11.62327352213909,0,15.5,2,2,1,1,1,1,0,1
10,2,.25,0,0,0,0,1,14,1,1,1,0,0,0,8.988479747359476,1,6,1,1,0,0,0,0,0,0
3,.3333333432674408,.5,0,0,0,0,0,21,1,1,1,0,0,1,10.29536983024591,1,8,3,2,0,1,1,1,0,0
7,2,2,3,0,3,0,0,14,1,2,1,0,0,1,11.07515325750935,0,11.5,1,3,0,1,1,1,0,1
7,3,2,9,0,2,0,1,17,1,5,0,0,0,1,11.70641179640004,0,14.5,2,2,1,1,1,1,0,1
7,2,2,9,0,2,2,1,14,1,2,0,0,0,1,11.70641179640004,0,14.5,2,2,1,1,1,1,0,1
9,2,2,0,0,0,0,0,17,1,3,1,0,0,1,10.30610527736001,0,7.666666666666667,3,1,0,1,1,1,0,0
12,2,3,0,0,6,0,1,20,1,5,1,1,0,1,10.30610527736001,0,7.666666666666667,3,1,0,1,1,1,0,0
8,2,1,4,0,0,0,0,14,1,2,1,0,0,1,9.36002681620112,1,10,1,1,0,1,0,1,0,0
10,1,.5,0,1,2,0,1,19,1,4,1,0,0,1,11.53737531638917,0,13.66666666666667,1,2,0,1,1,1,0,1
8,.0833333358168602,.3333333432674408,4,0,0,0,0,29,1,4,1,1,1,1,9.878886563250196,1,5,0,3,0,1,0,1,0,0
9,1.666666626930237,.5,1,0,2,0,1,14,1,1,1,0,0,1,10.87671422906135,1,7,1,4,0,1,1,1,0,0
8,2,1.5,3,2,1,0,0,17,1,5,1,0,0,1,10.96017915306335,0,8.199999999999999,1,6,0,1,1,0,0,0
10,2,2,0,2,0,0,1,15,1,1,1,0,0,0,10.9268769421852,1,10.5,1,5,0,1,1,1,0,1
8,1,1.166666626930237,4,0,0,0,0,15,1,2,1,0,0,0,10.3238606489766,1,8,2,3,0,1,1,1,0,0
12,1.5,2,7,0,1,0,0,16,1,4,0,0,0,0,11.38434294928554,0,15,3,2,0,1,1,1,0,1
11,1.5,2,6,.25,1,0,0,15,1,3,0,0,0,0,11.38434294928554,0,15,3,2,0,1,1,1,0,1
6,.5,.5,0,1,0,0,0,23,1,2,1,1,1,1,10.37466954973356,1,7.5,1,2,0,1,0,0,0,0
10,2,1,2,0,0,0,0,15,1,1,1,0,0,0,10.09824462613855,1,6.75,3,5,0,1,0,1,0,1
10,1,1,5,0,0,0,0,16,1,1,1,0,0,0,10.09824462613855,1,6.75,3,5,0,1,0,1,0,1
9,1,1,6,1,1,0,1,18,1,5,1,0,0,1,10.90070736836704,0,9.5,1,2,0,1,1,1,0,0
10,2,1,6,1,0,0,1,14,1,2,1,0,0,1,9.976304973298777,1,8,1,3,0,1,0,1,0,0
8,.5,1,7,0,0,0,0,16,1,4,1,0,0,1,9.647505223544622,1,9,1,2,0,1,1,1,0,0
10,1,2,0,4,2,0,0,18,1,2,1,1,0,1,11.08773381167157,0,7.5,2,5,0,1,1,1,0,0
10,1,2,5,0,0,0,0,14,1,1,1,0,0,1,11.08773381167157,0,7.5,2,5,0,1,1,1,0,0
7,2,1,0,0,0,0,1,14,1,1,1,0,0,0,11.08773381167157,0,7.5,2,5,0,1,1,1,0,0
10,1,.5,0,0,8,0,1,19,1,2,1,1,0,1,10.87360905667607,1,9.333333333333334,1,3,0,1,1,1,0,0
8,1.5,3,0,.5,3,0,1,21,1,5,1,1,0,1,10.43920986562839,0,10.5,0,2,0,1,1,0,0,1
8,1.5,2,4,0,0,0,1,20,1,4,1,1,0,1,10.43920986562839,0,10.5,0,2,0,1,1,0,0,1
7,1,1.5,6,3,0,0,0,16,1,4,1,0,1,1,10.61242810858211,0,8,2,3,0,1,1,1,0,0
7,1,.5,6,0,0,0,1,14,1,2,1,0,0,1,10.61242810858211,0,8,2,3,0,1,1,1,0,0
6,1,1,0,0,1,0,0,14,1,1,1,0,0,0,10.02547843173502,1,6.5,4,7,0,1,0,1,0,0
6,2,.3333333432674408,0,1,6,0,0,18,1,3,1,0,0,1,9.617821446657525,1,9,1,2,0,1,0,1,0,1
9,2,.5,0,0,8,0,1,14,1,2,1,0,0,0,9.617821446657525,1,9,1,2,0,1,0,1,0,1
9,2,1.5,0,1.5,0,0,1,31,1,4,1,1,0,1,11.05893769441086,0,11,0,3,1,1,1,1,0,0
6,2,1,0,2,3,0,0,17,1,5,1,0,0,1,10.9488251113852,0,10,1,3,0,1,1,1,0,0
6,.1666666716337204,.25,0,0,0,0,1,19,1,5,1,1,0,1,10.6683421834443,0,10.5,1,1,0,1,1,1,0,1
9,.5,.3333333432674408,0,.5,0,0,1,22,1,2,1,1,0,1,10.82853324763081,1,10.33333333333333,1,3,0,1,1,1,0,0
8,1,1,0,1,2,0,1,20,1,4,1,0,0,1,10.422500072029,0,10.5,0,2,0,1,1,1,0,0
11,.3333333432674408,2.5,.5,1,0,0,0,14,1,1,1,0,0,1,10.61277754016173,1,7.5,2,5,0,1,1,1,0,0
7,2,1,0,3,4,0,0,27,1,2,0,1,1,1,10.65877491175818,0,7.5,0,3,0,1,1,1,0,1
7,4,1,4,1,3,0,1,16,1,4,1,0,0,0,11.04837494048593,0,13.5,2,3,0,1,1,1,0,0
8,4.5,1.5,3,3,2,0,1,14,1,2,1,0,0,0,11.04837494048593,0,13.5,2,3,0,1,1,1,0,0
8,1,1,6.5,0,2,0,1,18,1,4,1,1,0,1,10.48720436279397,1,9,1,4,0,1,1,1,0,1
6,1,1,6,0,8,0,0,16,1,1,1,0,0,1,10.48720436279397,1,9,1,4,0,1,1,1,0,1
7,1,1,5,.5,3,0,1,17,1,5,0,0,0,1,11.03709288032405,1,8.4,4,3,0,1,1,1,0,0
9,2,.5,8,0,2,0,1,17,1,1,1,0,0,1,9.953084911532148,1,7.5,2,2,0,1,0,1,0,0
8,2,.25,6,0,0,0,1,14,1,1,1,0,0,0,9.953084911532148,1,7.5,2,2,0,1,0,1,0,0
8,1.75,1,0,6,1,0,0,25,1,2,1,1,1,1,10.49338698397438,1,9,0,3,0,1,0,1,0,1
10,1,1,4.5,0,0,0,1,15,1,2,1,0,0,1,9.952766644779794,1,9,2,1,0,1,1,1,0,0
8,1,1,6,1,1,0,1,14,1,2,1,0,0,1,10.77395337951089,0,14.5,1,2,0,1,0,1,0,1
8,1,2,0,2,0,0,0,34,1,5,1,1,1,1,10.2693348019725,0,11,1,1,0,1,1,1,0,0
8,1,1,6,1,1,0,1,14,1,1,1,0,0,1,10.2693348019725,0,11,1,1,0,1,1,1,0,0
8,1,1,0,0,0,0,1,16,1,4,1,0,0,1,11.40245096925279,0,9,3,2,0,1,1,1,0,0
10,1,1,4,0,0,0,0,14,1,2,1,0,0,1,11.40245096925279,0,9,3,2,0,1,1,1,0,0
5,.3333333432674408,.25,4,0,0,0,1,16,1,2,1,0,0,0,10.94930202377642,1,9.333333333333334,2,3,0,1,1,1,0,0
9,2,1,7,0,2,0,0,16,1,4,1,0,0,1,10.87361474221461,1,6,1,2,0,1,1,1,0,0
10,.5833333134651184,.5,6,0,0,0,0,17,0,4,1,0,0,1,10.61470546937756,0,9,1,3,0,1,1,1,0,0
8,.5,.75,6,0,0,0,0,19,1,5,1,1,0,1,11.58463291531846,0,11.33333333333333,2,3,0,1,0,1,0,1
8,.4166666567325592,.3333333432674408,6,0,3,3,1,14,1,1,1,0,0,1,11.58463291531846,0,11.33333333333333,2,3,0,1,0,1,0,1
8,1.5,1,.5,1.5,4,0,0,14,1,3,0,0,0,1,11.55930587086013,0,14.5,1,4,0,1,0,1,0,1
10,1,2,6,0,0,0,0,15,1,4,1,0,0,1,10.31608383990308,0,11,1,2,0,1,0,1,0,0
8,1,1,0,.5,2,3,1,16,1,3,1,0,0,1,10.88382949933347,0,12.33333333333333,2,2,0,1,1,1,0,0
8,1,.4166666567325592,0,8,1,0,1,18,1,1,1,1,0,1,9.724360886638692,0,4,1,1,0,1,0,1,0,1
6,2,1,0,0,0,0,1,19,1,4,1,1,0,1,9.542104399497998,0,9.5,0,2,0,1,1,1,0,0
7,1.5,.5,0,.5,0,0,0,26,1,5,1,1,0,1,10.11080045778226,0,11,0,1,0,1,1,0,0,0
8,1,1,0,3,1,0,0,15,1,2,1,0,0,0,10.63719308428104,1,7,1,4,0,1,1,1,0,0
8,.5,.3333333432674408,1.5,.25,0,0,1,14,0,2,1,0,0,1,9.945519215112872,1,6,1,2,0,1,0,1,0,0
8,1,1,0,0,0,0,1,17,0,5,1,0,0,1,11.00952255788818,1,9.666666666666666,2,3,0,1,1,1,0,0
7.5,.1666666716337204,.5,2,.3333333432674408,0,.3333333432674408,0,14,1,2,1,0,0,1,10.7916418580977,1,9,1,4,0,1,1,1,0,0
8,.4166666567325592,.4166666567325592,5,0,0,0,0,17,1,4,0,0,0,1,10.55830026710973,0,9,2,2,0,1,0,1,0,1
8,1.5,1.5,3,0,1.5,0,0,19,1,4,1,0,0,1,11.27526809591794,1,8.25,3,2,0,1,1,1,0,1
8,1,1.5,5,0,1.5,0,0,15,1,2,0,0,0,1,11.27526809591794,1,8.25,3,2,0,1,1,1,0,1
10,1.25,1,0,0,9,0,1,15,1,1,1,0,0,1,10.20390542924116,0,9.5,3,0,0,1,1,1,0,1
8,2,1,0,2,1,0,0,16,1,1,1,0,0,0,11.2685753987918,1,7,1,9,0,1,0,1,0,0
7,1,3,0,2,3,0,1,18,1,1,1,0,0,1,10.65459274383986,0,6,1,1,0,1,0,1,0,1
5,.6666666865348816,1,7,2,0,0,0,18,1,5,1,0,0,1,11.31440989001117,0,12,0,3,0,1,1,1,0,0
2,0,1,0,.25,3,0,1,16,1,2,1,0,0,0,10.00470686735011,1,8,3,2,0,1,1,1,0,0
7.5,.5,1,0,1,0,0,0,15,1,3,1,0,0,1,9.602583991851928,1,6,1,2,0,1,0,1,0,0
7,1,.25,11,0,4,0,1,16,1,4,0,0,0,1,11.8404972094647,0,17,2,2,1,1,1,1,0,1
8,1.333333373069763,.5,10,0,2,0,0,14,1,2,0,0,0,1,11.8404972094647,0,17,2,2,1,1,1,1,0,1
9,1,1,.5,0,0,0,0,14,1,1,1,0,0,1,9.863460554422471,1,1,1,4,0,1,0,1,0,1
9,1,1,5,.75,1,0,0,19,1,4,1,0,0,1,11.08121396403013,1,9.5,0,5,0,1,1,1,0,0
7,1,.5,8,.1666666716337204,0,.3333333432674408,0,16,1,4,1,0,0,1,10.29128754723673,0,9.5,3,0,0,1,1,1,0,0
12,1,1,1,0,4,0,0,16,1,2,1,0,0,1,9.308490422405152,1,9,1,3,0,1,1,1,0,1
7,1,.5,2,.3333333432674408,4.5,0,1,18,1,5,1,0,0,0,10.68679569354747,0,14,1,2,0,1,1,1,0,0
10,.5,1,0,2,6,0,1,18,1,2,1,0,0,0,9.783085758302967,1,10,1,3,0,1,1,1,0,0
8,1,1,8,0,1,0,1,16,1,4,0,0,0,1,11.06731417559525,0,14.5,2,2,1,1,0,1,0,1
8,1,1,8,.5,2,0,0,15,1,3,0,0,0,1,11.06731417559525,0,14.5,2,2,1,1,0,1,0,1
10,1,1,0,0,2,0,1,17,1,1,1,1,0,1,9.595463282923955,1,11,0,3,0,1,0,1,0,1
4,0,1.5,0,1,4,0,0,16,1,2,1,0,0,1,10.73368866429042,1,6,2,4,0,1,1,1,0,0
2,0,1,.5,.5,4,0,0,14,1,2,1,0,0,0,10.73368866429042,1,6,2,4,0,1,1,1,0,0
8,1.5,.5,.6666666865348816,1.5,3,0,0,15,1,1,1,0,0,1,10.02684351827299,1,9,1,5,0,1,0,1,0,0
8,3,1.5,1,1,1.5,0,0,16,1,5,1,0,0,1,10.31963044960791,0,12,2,2,0,1,1,1,0,0
8,1.5,1,.5,1,1,0,0,14,1,2,1,0,0,1,10.31963044960791,0,12,2,2,0,1,1,1,0,0
11,1.5,.5,1,0,.75,0,0,19,1,3,1,0,0,1,10.84376118179776,0,10,1,2,0,1,1,1,0,1
7,2,1,0,3,3,.5,0,16,0,1,1,0,0,1,10.01423638719788,1,4,3,3,0,1,0,1,0,1
9,1,1,0,0,2,0,0,15,1,1,1,0,0,1,11.1382272155173,1,6,1,4,0,1,1,1,0,0
8,1,1,4,0,3,0,1,18,1,5,1,0,0,1,11.27416637326419,0,10.66666666666667,1,3,0,1,1,1,0,1
7,2,1,0,0,3,0,1,14,1,2,1,0,0,1,10.19925359803758,1,6,1,3,0,1,1,1,0,0
10,.5,2,2,.5,2,0,1,21,1,5,0,0,0,1,10.90438961692926,0,10,1,2,0,1,0,1,0,0
8,1,1,3.5,0,2,0,1,17,1,3,1,0,0,1,10.28852427563672,1,11,1,3,0,1,1,1,0,0
7,1.5,.5,6,.5,4,0,0,17,1,5,0,0,0,1,11.32515645772333,0,14,1,3,0,1,1,1,0,1
10,.5,1,7,0,0,0,1,18,1,5,1,0,0,1,10.58644221541804,1,9.666666666666666,1,4,0,1,1,1,0,1
8,2,1,0,0,1,0,0,25,1,4,1,1,0,1,10.671619285227,0,9.5,0,2,0,1,1,1,0,0
5,1,1,6,.5,3,0,0,16,1,4,1,0,0,1,10.31017691094399,0,11.5,3,2,0,1,0,1,0,0
8,1,1,6,.3333333432674408,2,0,0,15,1,2,1,0,0,0,10.31017691094399,0,11.5,3,2,0,1,0,1,0,0
8,1,1,6,.3499999940395355,2,0,1,14,1,2,1,0,0,1,10.31017691094399,0,11.5,3,2,0,1,0,1,0,0
9,1,.5,6,1,3,0,0,15,1,3,1,0,0,1,10.73703560174914,1,10.5,2,2,0,1,0,1,0,0
10,.5,1,5,0,3,0,1,16,1,2,1,0,0,1,11.12780327934898,0,9,4,2,0,1,1,1,0,0
10,.5,1,7,0,2,0,0,14,1,1,1,0,0,1,11.12780327934898,0,9,4,2,0,1,1,1,0,0
0,0,0,3,0,0,0,0,15,1,2,1,0,0,0,10.12483068406688,1,7.5,2,1,0,1,0,1,0,0
10,.5,1.316666722297669,0,1.183333277702332,3,0,0,17,1,4,1,0,0,1,11.46755198229135,0,9.666666666666666,1,3,0,1,1,1,0,0
8,1.5,.5,7,0,.5,0,0,16,1,4,0,0,0,1,11.23996511642917,0,16.5,1,2,1,1,1,1,0,1
9,2,1,0,0,4,0,0,17,1,3,1,0,0,0,10.80663792682797,0,10,1,3,0,1,1,1,0,1
9,1,.5,2,1,0,0,0,14,1,2,1,0,0,1,10.13318013110616,1,9.333333333333334,2,3,0,1,0,1,0,0
8,.3333333432674408,2,6,0,1,0,1,16,1,3,1,0,0,1,10.60096633813478,0,6,1,2,0,1,1,1,0,1
5,1,.6666666865348816,2,.5,0,0,0,22,1,4,1,1,0,1,11.3621423418868,1,11.33333333333333,1,5,0,1,1,1,0,1
10,1,1,0,1,0,0,0,14,1,2,1,0,0,1,11.3621423418868,1,11.33333333333333,1,5,0,1,1,1,0,1
8,1,1,2.5,0,2.5,0,1,16,1,3,1,0,0,1,9.921022069203554,1,9,2,2,0,1,1,1,0,0
9,1,.5,5,0,0,0,1,15,1,2,1,0,0,1,10.70477213159556,1,9.333333333333334,2,3,0,1,0,1,0,0
9,.75,1.5,6,1,1,0,0,17,0,5,1,0,0,0,10.16313273904401,0,11,1,3,0,1,1,1,0,0
10,1,1,0,0,3,0,0,20,1,4,1,1,0,1,10.9629582049243,1,9,0,6,0,1,0,1,0,0
10,1,1,0,1,3,0,1,18,1,4,1,1,0,1,10.9629582049243,1,9,0,6,0,1,0,1,0,0
10,1,1,6,2,0,0,0,16,1,3,1,0,0,1,9.971800936771986,1,8,2,4,0,1,1,1,0,0
10,1,.5,6,0,2,0,0,15,1,2,1,0,0,1,9.971800936771986,1,8,2,4,0,1,1,1,0,0
12,.5,.5,6,.5,0,0,1,14,1,1,1,0,0,1,10.02236878387254,1,9,1,3,0,1,1,1,0,1
10,2,.25,2,2,0,0,0,17,1,4,1,0,0,1,10.75149944365699,0,10,2,4,0,1,1,1,0,0
10,1.5,1,3,0,0,0,0,15,1,3,1,0,0,1,10.75149944365699,0,10,2,4,0,1,1,1,0,0
8,2,1,2,0,4,0,0,16,1,4,1,0,0,1,10.5138521295001,0,13,1,2,0,1,1,1,0,0
8,2,1,7,0,2,0,1,14,1,2,0,0,0,1,10.81704889635051,0,12,1,2,0,1,1,1,0,0
9,.5,.5,4,1,0,0,1,17,1,2,1,0,0,0,10.04321905966553,0,9,1,1,0,1,0,0,0,0
10,1.5,.3333333432674408,6,.5,2,0,0,15,1,3,1,0,0,1,10.85956422240929,0,12,2,2,0,1,1,1,0,0
9,.3333333432674408,.4166666567325592,0,0,2,0,1,17,1,4,1,0,0,1,10.43276489152734,1,6.666666666666667,3,2,0,1,0,1,0,1
5,1.5,.5,2,0,1,0,0,24,1,5,1,1,0,1,10.40082724858594,0,11,0,1,0,1,0,1,0,1
8,1,.3333333432674408,3,0,4,0,1,14,1,2,1,0,0,0,10.38305003750379,1,8.666666666666666,2,2,0,1,1,1,0,0
6,.4166666567325592,.75,0,0,1.5,0,1,27,1,5,1,1,0,1,11.34151156282697,0,9.25,2,2,0,1,1,1,0,1
10,.5,.5,0,1,0,0,1,21,1,5,1,1,0,1,10.8432441936882,0,11,0,4,1,1,1,1,0,0
8,1.5,1,0,0,4,0,1,26,1,2,1,1,0,1,10.68449999542183,0,11.5,0,2,0,1,0,1,0,1
8,1,1,.5,0,2,0,1,15,1,2,1,0,0,0,10.41397461899806,0,10.5,1,2,0,1,1,1,0,0
8,1,.25,1,.1666666716337204,3,0,1,17,1,4,1,0,0,1,9.671469741196813,1,13,1,1,0,1,0,1,0,1
8,.5,.6666666865348816,.6666666865348816,0,1.5,0,1,15,1,2,1,0,0,1,11.02134757601396,0,11.5,1,2,0,1,1,1,0,0
8,.6666666865348816,.5,2,3,2,0,0,18,1,3,1,0,0,1,10.27353444216938,0,6,2,2,0,1,1,1,0,0
8,2,.5,11,0,0,0,0,17,1,5,1,0,0,1,9.574983485564092,0,4,2,0,0,1,1,1,0,0
10,1.5,2,4,2,0,0,0,15,1,1,1,0,0,0,10.31220688738451,1,7.5,2,4,0,1,1,1,0,0
8,.25,.5,4,0,0,0,1,14,1,1,1,0,0,0,10.08707313613371,1,7,1,6,0,1,0,1,0,1
6,1,1.5,0,0,0,0,1,23,1,3,1,1,0,0,10.16313273904401,1,10.33333333333333,0,4,0,1,1,1,0,0
8,2,2,0,0,0,0,1,21,1,3,1,1,0,1,10.16313273904401,1,10.33333333333333,0,4,0,1,1,1,0,0
6,.5,1.5,0,.5,1,0,1,14,1,1,1,0,0,1,9.403542765153581,1,9,2,1,0,1,1,1,0,1
8,1.5,1.5,0,0,1,0,0,15,1,1,1,0,0,1,9.403542765153581,1,9,2,1,0,1,1,1,0,1
7,1,.5,6,0,1.5,0,0,17,1,5,0,0,0,1,11.81096065843146,0,18,3,3,0,1,1,1,0,1
7,1,.5,10,0,1.5,0,0,16,1,4,0,0,0,1,11.81096065843146,0,18,3,3,0,1,1,1,0,1
8,1,.5,0,1.5,2,0,0,32,1,4,1,1,0,1,10.45661490747189,0,9.5,0,2,0,1,0,1,0,1
9,3,.5,1,3,1,0,0,19,1,4,1,1,0,1,9.924370478452511,0,2.75,3,1,0,1,0,1,2,0
8,.4166666567325592,.5,0,.1666666716337204,5,0,1,17,1,2,1,0,0,0,10.25635500717825,0,6,3,1,0,1,0,0,0,0
8,.5,.5,0,.0833333358168602,4,0,1,17,1,1,1,0,0,0,10.1037349766134,0,9,3,2,0,1,0,1,0,1
8,.5,.5,0,.0833333358168602,4,0,1,16,1,2,1,0,0,0,10.1037349766134,0,9,3,2,0,1,0,1,0,1
10,1.5,.75,6,0,0,0,1,17,1,3,1,0,0,1,11.1103189918641,1,9.75,2,5,0,1,1,1,0,0
8,.75,.5,7,.1666666716337204,0,0,1,15,1,2,1,0,0,0,11.1103189918641,1,9.75,2,5,0,1,1,1,0,0
8,1,1,4,1,0,0,0,48,0,3,1,1,1,1,9.637964999338335,1,9.5,0,5,0,1,0,1,0,0
10,2,2,8,1,0,0,1,17,1,5,1,0,0,1,10.64117899138905,0,6,1,2,0,1,0,0,0,0
8,1.5,1,0,0,2,0,1,16,1,4,1,0,0,1,10.48310286714928,0,9,2,2,0,1,0,1,0,1
10,1.5,1,0,.5,0,0,0,15,1,3,1,0,0,1,10.48310286714928,0,9,2,2,0,1,0,1,0,1
0,1,.3333333432674408,0,1.383333325386047,0,0,0,17,1,3,1,1,1,1,8.813784954432956,1,,0,2,0,1,0,0,0,0
10,.6666666865348816,2,1.5,0,4,0,0,22,1,5,1,1,0,1,10.18390479993392,0,10,1,1,0,1,0,1,0,1
8,.4166666567325592,.3333333432674408,6,0,0,0,1,15,1,3,1,0,0,0,9.877509825547193,1,8,1,4,0,1,0,1,0,1
6,1,1,7,0,0,0,1,14,1,2,1,0,0,1,10.50087465210138,0,4.5,3,2,0,1,1,1,0,1
10,1,1,.5,0,2,0,1,15,1,3,1,0,0,1,10.19296925468255,0,11,1,1,0,1,1,1,0,0
8,1,1,5,0,4,0,0,15,1,3,0,0,0,1,11.40601330168516,0,16,1,3,0,1,1,1,0,1
8,1,.25,0,3,0,0,0,42,1,1,1,1,1,1,11.06456245914497,0,9,1,3,0,1,1,1,0,1
8,1,2,6,0,0,0,0,15,1,2,1,0,0,1,11.06456245914497,0,9,1,3,0,1,1,1,0,1
10,1,1,1,0,0,0,0,19,1,3,1,1,1,1,9.459255368365817,1,7.5,0,3,0,1,1,0,0,0
7,2,1,2,.5,0,0,1,16,1,4,0,0,0,1,11.45473772155231,0,11,1,3,0,1,1,1,0,1
9,1.5,1,6,0,3,0,1,17,1,5,1,0,0,1,11.02732011943266,0,12,1,2,0,1,1,1,0,1
10,1,1,0,0,0,0,1,16,0,2,1,1,0,1,10.54189841302912,1,6,2,3,0,1,1,1,0,0
8,1,2,5,0,5,0,0,16,1,4,0,0,0,1,10.63843097288525,0,12,2,2,0,1,0,1,0,1
8,.5833333134651184,.5,6,0,5,0,0,14,1,2,0,0,0,1,10.63843097288525,0,12,2,2,0,1,0,1,0,1
8,3,0,0,.1666666716337204,6,0,1,15,1,3,0,0,0,1,11.39196583928986,0,17,1,2,1,1,1,1,0,1
8,1,1,4,0,3,0,0,17,1,3,1,0,0,0,9.566494988863664,1,6,2,0,0,1,0,0,0,0
9,1,1,7,0,2,0,1,15,1,4,1,0,0,1,10.89279024187356,1,13,1,3,0,1,1,1,0,0
8,3,1,6,0,0,0,1,15,1,4,1,0,0,1,11.35244727527519,0,12.5,1,2,1,1,1,1,0,1
8,3,1,1.5,2,0,0,1,15,1,3,1,0,0,0,10.11859893215307,0,9,1,1,0,1,1,1,0,0
8,1,.6666666865348816,0,0,3,0,1,23,1,5,1,1,0,1,11.85706360050473,1,12.8,1,4,0,1,1,1,1,1
10,2,.25,5,0,2,0,1,15,1,3,1,0,0,1,10.9775005784233,0,7.5,1,2,0,1,1,1,0,0
8,2,2,0,0,5,0,0,18,1,5,1,1,0,1,10.29759281373676,1,6.5,0,5,0,1,0,1,0,0
8,2.5,1,8,0,4,0,1,15,1,3,1,0,0,0,10.00665947497005,1,12,1,1,0,1,1,1,0,1
10,.5,1,0,0,1,0,0,18,1,5,1,0,0,1,9.951372545256701,0,6.5,2,1,0,1,0,0,0,0
7,1,.6666666865348816,.5,.1666666716337204,10,0,1,14,1,2,0,0,0,1,11.93445681701512,0,15.5,1,3,1,1,1,1,0,0
8,.5,.5,5,0,2,0,0,26,1,1,1,1,1,1,10.42865089816723,0,9,0,4,0,1,1,0,0,0
8,.5,.3333333432674408,0,1,1,0,0,30,1,4,1,1,0,1,10.53402688035161,0,10,0,2,0,1,0,1,0,0
2,1,.5,4,.3333333432674408,0,0,1,23,1,4,1,1,0,1,10.53402688035161,0,10,0,2,0,1,0,1,0,0
6,1,1,6,1,4,0,1,15,0,1,1,0,0,0,9.558067673078405,1,9,2,3,0,1,0,1,0,1
9,1,1,0,1,4,0,1,16,1,4,1,0,0,1,11.75531776472785,0,10.5,2,2,1,1,1,1,0,0
8,1,2,4,1.5,1,0,0,15,1,3,1,0,0,0,11.75531776472785,0,10.5,2,2,1,1,1,1,0,0
7,2,1,5,0,3,0,1,15,1,1,1,0,0,0,10.49776974243181,0,5,3,3,0,1,0,1,0,0
8,.3333333432674408,1,4,0,2,0,1,14,1,3,0,0,0,1,10.88457827136269,0,14,1,3,0,1,1,1,0,1
15,2,1,0,1,1,0,0,16,1,4,1,0,0,1,11.05322505480034,0,13.5,1,3,1,1,0,1,0,1
10,2,2,0,0,10,0,0,18,1,4,1,0,0,1,10.55097553732562,0,15,1,1,0,1,1,1,0,0
12,1,1,6,0,0,0,0,16,1,4,1,0,0,1,10.65071482907505,1,12,2,3,0,1,1,1,0,0
9,.5,.5,0,0,8,0,0,14,1,1,1,0,0,0,10.12346753803005,1,7,1,6,0,1,1,1,0,1
7,1,1.5,9,0,0,0,0,14,1,2,1,0,0,1,10.86965547659824,0,10,1,5,0,1,1,1,0,0
9,.5,1,6,.3333333432674408,3,0,0,16,1,3,0,0,0,1,11.31978661161692,0,14.5,3,2,0,1,0,1,0,0
9,1,.5,7,0,3,0,0,14,1,2,0,0,0,1,11.31978661161692,0,14.5,3,2,0,1,0,1,0,0
8,1,.6666666865348816,3,0,2.5,0,1,16,1,4,0,0,0,1,11.86892339979,0,20,1,2,1,1,1,1,0,1
8,1.5,1,8,0,0,0,0,15,1,3,0,0,0,1,11.0034203023449,0,13,2,2,0,1,0,1,0,1
8,3,.1666666716337204,4,2,3,0,0,27,0,3,1,1,1,1,10.45779499036408,0,12,0,3,0,1,0,1,0,0
9,2,1,1,0,4,0,1,16,1,2,0,0,0,1,10.45623581289361,0,11,1,2,0,1,1,1,0,1
7,.5,1.5,2,0,0,0,0,14,1,2,1,0,0,1,10.53537198676215,1,10.5,2,3,0,1,0,1,0,1
10,2,.5,3,.5,6,0,1,18,1,5,0,0,0,1,11.44707215988292,0,10.5,2,1,0,1,1,1,0,1
7,.5,1,4,1,3,0,0,18,1,1,1,0,0,1,8.910892014156792,1,7.5,1,4,0,1,0,1,0,1
7,.25,1,4,.4166666567325592,0,0,0,17,1,2,1,0,0,1,8.910892014156792,1,7.5,1,4,0,1,0,1,0,1
8,2,1,2,0,10,0,0,17,1,4,1,1,0,1,11.18939857461306,0,13,0,5,0,1,1,1,0,0
10,2,1.5,1,0,4,0,0,17,1,4,1,1,0,1,11.18939857461306,0,13,0,5,0,1,1,1,0,0
8,1,.5,3,0,1,0,1,15,1,3,1,0,0,1,10.92162631852102,1,11,1,3,1,1,1,1,0,0
9,1,.5,0,0,0,0,0,18,1,2,1,0,0,1,10.88034737527314,1,8.333333333333334,2,3,0,1,1,1,0,0
8,.3333333432674408,.75,1,0,0,0,1,14,1,1,1,0,0,1,10.77276591901971,0,8,0,5,0,1,0,1,0,1
8,1.5,1,0,0,8,0,0,18,1,5,1,0,0,1,10.38442803081641,0,11.5,1,3,0,1,1,1,0,0
8,1,1,0,0,0,0,1,21,1,5,1,1,0,1,10.38442803081641,0,11.5,1,3,0,1,1,1,0,0
8,1,1,3,0,0,0,1,16,1,4,1,0,0,0,10.39885582460689,1,8.333333333333334,2,2,0,1,1,1,0,0
8,1,1,3,0,0,0,1,19,1,1,1,0,0,0,9.581903928408666,0,8,0,3,0,1,1,1,0,0
8,.5,.5166666507720947,0,0,3,0,1,14,1,1,1,0,0,0,9.820085291209905,1,6,3,0,0,1,1,1,0,0
8,1,1.5,0,4,2,0,0,15,1,1,1,0,0,1,11.24206969953961,1,12.33333333333333,1,3,0,1,0,0,0,0
10,.3333333432674408,1,0,10,1,0,0,25,1,1,1,0,1,1,9.866342643410134,1,9,1,4,0,1,0,0,0,1
0,0,0,0,0,0,0,1,17,1,4,0,0,0,1,12.3953146451687,0,14,2,3,1,1,1,1,0,1
0,0,0,0,0,0,0,0,15,1,3,0,0,0,1,12.3953146451687,0,14,2,3,1,1,1,1,0,1
8,2,1,0,0,6,0,1,17,1,5,1,0,0,1,10.14337218665309,0,10,1,2,0,1,1,0,0,0
4,.5,.3333333432674408,8,0,0,0,0,18,1,5,1,0,0,1,10.96097286658043,1,10,2,4,0,1,1,0,0,0
8,1,.5,5,0,0,0,0,15,1,4,1,0,0,1,10.96097286658043,1,10,2,4,0,1,1,0,0,0
8,1,.3333333432674408,4,0,5,0,1,18,1,4,1,0,0,1,9.894179365464504,0,9,1,1,0,1,0,1,0,0
12,1,.5,0,0,2,0,1,15,1,3,1,0,0,1,10.17407560111128,0,11.66666666666667,3,1,0,1,1,1,0,0
8,1.5,1,6,5,0,0,1,15,1,1,1,0,0,1,9.522246898668827,1,9,1,3,0,1,1,1,0,0
8,.5,1,0,1,2,0,0,24,1,1,1,1,0,1,10.51502600819072,1,7,1,3,0,1,1,1,0,0
10,1,1,1,0,2,0,0,14,1,2,1,0,0,1,10.51502600819072,1,7,1,3,0,1,1,1,0,0
9,1.25,1,1,1,2,0,0,17,1,5,1,0,0,1,10.02188310387906,1,9,2,3,0,1,1,1,0,0
9,1.5,.6666666865348816,5.5,0,1,0,1,16,1,2,1,0,0,1,9.817566470539665,1,6,1,2,0,1,1,1,0,0
10,2,2,0,.5,0,0,1,17,1,4,1,0,0,1,10.39980847921191,1,7.5,1,3,0,1,1,1,0,0
10,1,1,0,0,5,0,1,16,1,4,1,0,0,0,11.21128522902274,1,14,2,2,0,1,1,1,0,0
10,.9166666865348816,.8333333134651184,2,0,6,0,1,15,1,2,1,0,0,1,11.14737361860974,0,18,1,1,0,1,1,1,0,0
7,2,2,8,0,2,3,0,15,1,3,1,0,0,1,10.28534279500516,1,9,2,2,0,1,1,1,0,0
10,3,1.5,0,0,3,0,0,17,1,4,1,0,0,1,11.13636919063831,0,13,1,2,0,1,1,1,0,0
10,.5,2,1,0,4,0,0,16,1,3,1,0,0,1,10.21253683650714,1,6.5,3,3,0,1,0,1,0,0
8,.5,.25,5,.3333333432674408,3,0,0,14,1,2,1,0,0,1,11.29513505996727,0,18,1,3,0,1,0,1,0,0
6,.75,1,0,0,0,0,1,46,1,4,1,1,0,1,11.10648177821012,0,11.66666666666667,1,2,0,1,0,0,0,1
8,.5,.5,6.5,0,1,0,0,17,1,2,1,0,0,1,9.959058011798861,1,7.833333333333333,5,4,0,1,0,1,0,0
8,1,.5,6,.9833333492279053,.5,0,0,17,1,5,1,0,0,1,10.22798359811063,0,10,4,2,0,0,0,1,0,0
10,.5,.5,8,0,0,0,0,15,1,3,1,0,0,1,10.22798359811063,0,10,4,2,0,0,0,1,0,0
9,1,.6666666865348816,9.5,.5,2,0,0,18,1,5,1,0,0,1,10.31234855473013,0,11.66666666666667,1,3,0,1,1,1,0,0
7,1,2,0,0,4,0,0,17,1,5,1,0,0,1,9.60856217562049,1,6,2,1,0,1,1,1,0,1
10,1,1.5,3,0,2,0,0,14,1,2,1,0,0,1,9.60856217562049,1,6,2,1,0,1,1,1,0,1
10,0,1,4,0,3,0,0,15,1,3,0,0,0,1,11.722054956458,0,17.66666666666667,2,2,0,1,1,1,0,1
8,.5,.3333333432674408,5,0,0,0,1,14,1,1,1,0,0,1,10.64612465237978,1,11.66666666666667,2,3,0,1,0,1,0,0
8,.75,.5,2.5,0,2,0,1,17,1,5,1,0,0,1,10.95268810890135,0,12.66666666666667,3,1,0,1,1,1,0,0
8,1,1,6.5,0,1,0,1,15,1,3,1,1,0,1,11.99317195653506,0,18.33333333333333,0,4,0,1,1,1,0,1
10,.75,.25,2,.0833333358168602,6,0,1,17,1,5,0,0,0,1,11.30171616632333,0,13,2,1,0,1,0,1,0,1
7,1.5,1.333333373069763,7,0,5,0,0,17,1,5,1,1,0,1,11.2410649030608,0,9,2,1,1,1,1,1,0,0
7,2.25,2,0,0,6.5,0,0,16,1,1,1,0,0,0,10.096832948937,1,6,3,4,0,1,0,1,1,0
10,1.5,1,1.5,1,0,0,0,17,1,5,1,0,0,1,10.52249791734073,1,10.5,1,4,0,1,0,1,0,0
7,.5,1,4,1,0,0,1,26,1,6,0,1,0,1,10.41212458307822,0,13,0,3,0,1,0,1,0,1
10,3,1,0,0,0,0,1,22,1,3,1,1,0,1,10.49212996229526,0,12.5,0,2,0,1,1,1,0,1
8,1,1,0,1.5,4,0,0,17,1,3,1,1,0,1,10.8975670557198,1,8,2,5,0,1,0,1,0,0
10,1,.5,0,.1666666716337204,4,0,1,15,1,1,1,0,0,1,10.8975670557198,1,8,2,5,0,1,0,1,0,0
8,1,2,0,1,3,0,1,25,1,5,1,1,0,1,10.5032768962294,0,11.5,0,2,0,1,1,1,0,0
5,1,2,2,1,2,0,0,23,1,6,1,1,0,1,10.5032768962294,0,11.5,0,2,0,1,1,1,0,0
12,1,.5,8,0,0,0,1,18,1,5,1,0,0,1,10.23358415075686,0,10,1,2,0,1,1,1,0,0
7,1,1,5,0,3,0,0,21,1,4,1,1,0,1,10.13646459619499,1,9.5,1,3,0,1,1,1,0,0
9,2,2,3,.3333333432674408,1,0,0,17,1,5,1,0,0,1,10.13646459619499,1,9.5,1,3,0,1,1,1,0,0
9,3,1,0,0,3,0,0,26,1,3,1,1,1,1,9.99401220905872,1,9,0,2,0,1,1,1,0,0
8,1.25,.5,4,0,3,0,1,19,1,5,1,1,0,0,11.07349061320619,0,9,0,3,0,1,1,1,0,0
6,1,.5,4,0,2,0,0,16,1,1,1,0,0,1,9.916916273528992,1,5,2,5,0,1,1,1,0,0
10,2,.5,5,0,4,0,1,14,1,1,1,0,0,0,9.57909190773699,1,5.5,2,2,0,1,1,1,0,0
6,1,1,8,0,3,0,1,17,1,5,1,1,0,1,10.14945918643269,1,10,1,5,0,1,0,1,0,0
9,2,2,7,2.5,1,0,0,15,1,3,1,0,0,1,10.14945918643269,1,10,1,5,0,1,0,1,0,0
8,.5,2,4,0,2,0,1,16,1,4,0,0,0,1,11.33857207782545,0,12.33333333333333,4,2,0,0,0,1,0,1
7,2,1,6,1,0,1,0,16,1,4,1,0,0,1,9.985744729538467,0,9.5,2,1,1,1,1,1,0,0
7,1,.5,0,6,1,0,0,40,1,5,1,1,1,1,11.30828214090976,1,11,0,3,0,1,1,1,0,1
8,1.416666626930237,1,7.5,1,1.5,0,1,16,1,4,1,0,0,1,9.615805480084347,0,9,1,1,0,1,0,1,0,0
9,2,1,6,2,1,0,0,22,1,5,1,1,0,1,11.19724712887739,0,10,0,4,0,1,1,1,0,0
8,1,.75,2,.25,4,0,0,14,1,2,0,0,0,1,11.03125597338831,1,13,1,2,1,1,1,1,0,1
12,1,.5,1,0,0,0,0,14,1,2,1,0,1,0,10.44118143737752,1,9,1,6,1,1,0,1,0,0
6,.75,.5,7,0,0,0,1,14,1,2,1,0,0,1,11.04919412373451,1,10.33333333333333,1,5,0,1,1,1,0,0
7,.75,2.5,2,8,1.5,0,0,17,1,3,1,0,0,1,10.15982574794795,0,5,1,2,0,1,1,1,0,1
11,3,2,0,1,3,0,0,21,1,5,1,1,0,1,10.22953564607288,0,11.5,0,2,0,1,1,1,0,1
8,.3333333432674408,2,4,0,0,0,0,17,1,5,1,0,0,1,10.14181271083704,1,7.5,2,3,0,1,1,1,0,0
8,1,1,5.5,.5,1,0,0,14,1,1,1,0,0,1,10.13740022714992,1,6,2,3,0,1,0,1,0,0
9,1,1,.5,0,2,0,0,18,1,4,1,0,0,0,11.1792608831948,0,7.8,3,4,0,1,1,1,0,0
9,1,1,.5,0,2,0,0,14,1,2,1,0,0,0,11.1792608831948,0,7.8,3,4,0,1,1,1,0,0
10,1.5,.5,4,0,0,0,1,14,1,2,1,0,0,1,10.51867319162636,1,7,1,5,0,1,1,1,0,0
7,1,.6666666865348816,4,0,5,0,1,17,1,5,1,0,0,1,10.80830066784983,0,11,1,3,0,1,1,1,0,0
9,1,.3333333432674408,0,3,2,0,0,25,1,4,1,0,1,0,10.16193581236594,1,8.5,2,5,0,1,0,1,0,0
7,1,.5,2,0,0,0,1,15,1,3,1,0,0,1,10.5715908100544,1,6,2,2,0,1,0,1,0,0
8,.75,.5,5,0,2,0,1,17,1,5,1,0,0,1,9.166000005200219,1,5.5,2,2,0,1,1,1,0,0
7,2,2,7,0,3,0,0,36,1,4,1,1,1,1,10.34041147900861,1,10,0,3,0,0,0,1,0,1
10,2,1.5,0,2.5,3,0,0,14,1,1,1,0,0,1,10.34041147900861,1,10,0,3,0,0,0,1,0,1
8,1.5,1,7,0,0,0,1,15,1,3,0,0,0,1,11.34876707464362,1,14.25,4,2,0,1,1,1,0,0
7,.5,.5,3,4,0,0,0,36,1,5,1,0,1,0,10.74568815825117,1,10,2,2,0,1,1,1,0,0
10,.5,.3333333432674408,0,3,2,0,0,14,1,1,1,0,0,1,10.74568815825117,1,10,2,2,0,1,1,1,0,0
8,4,1,0,0,4,0,1,16,1,4,0,0,0,1,11.54585024642783,0,16,2,2,0,1,1,1,0,1
9,1,1,0,0,5,0,1,17,1,5,1,0,0,1,10.59449995608022,0,9,1,2,0,1,1,1,0,0
8,2,.5,2,0,2,0,0,19,1,5,1,0,0,1,9.997600652489822,1,7.666666666666667,1,3,0,1,0,0,0,0
8,1.5,2,4.5,1.5,.5,0,0,25,1,5,1,1,0,1,9.980788813568681,0,11,0,2,0,1,0,1,0,0
7,3,1,1,0,2,0,1,33,1,5,1,1,0,1,10.74181674294057,0,11,0,1,0,1,1,1,0,0
14,.5,.5,0,0,1,.25,1,17,1,5,1,0,0,1,9.958814874283059,1,8,1,2,0,1,1,1,0,0
10,2,1.25,0,.25,4,0,0,14,1,1,1,0,0,0,9.871856678281231,1,9,0,6,0,1,0,1,0,1
15,2.516666650772095,1,0,0,3,0,1,17,1,1,1,0,0,1,9.994756987499899,1,6,1,3,0,1,0,0,0,0
9,.5,1,6,3,4,0,0,14,1,1,1,0,0,1,10.34342880276682,1,6.5,2,1,0,1,1,0,0,1
8,1,1,0,0,0,0,0,17,1,2,1,1,0,1,10.69545711865659,1,7.5,1,7,0,1,1,1,0,1
4,2,1,0,0,2,0,0,16,1,2,1,0,0,1,10.69545711865659,1,7.5,1,7,0,1,1,1,0,1
6,1.5,1,6,0,0,0,0,16,1,5,0,0,0,1,10.91508846421461,0,10.5,1,2,0,1,0,1,0,1
7,.5,.75,0,5,5,0,0,17,1,2,1,1,1,1,9.754989049512195,1,4.5,1,4,0,1,1,1,0,0
7,.5,1,0,0,7,0,1,14,1,1,1,0,0,0,9.754989049512195,1,4.5,1,4,0,1,1,1,0,0
8,1,.75,6,1,0,0,0,16,1,3,1,0,0,1,10.06974832260847,1,7.333333333333333,2,5,0,1,0,1,0,0
8,.6666666865348816,1,0,0,6,0,1,14,1,1,1,0,0,0,10.75457101652528,1,7,1,4,0,1,1,1,0,0
7,1,1,2,0,6,0,0,16,1,4,1,0,0,1,11.03774247261687,0,14,2,1,0,1,1,1,0,1
7,1,.5,2,0,6,0,0,14,1,1,1,0,0,1,11.03774247261687,0,14,2,1,0,1,1,1,0,1
7,1,.5,3.75,5,.5,0,0,23,1,1,1,0,1,1,10.46381651467379,1,9.75,1,4,0,1,1,1,0,0
0,.75,.5,2,0,2,0,0,15,1,3,1,0,0,1,10.80582079695171,0,13.5,2,1,0,1,0,1,0,1
6,.5,.3333333432674408,6,.0833333358168602,3.5,0,1,16,1,3,1,0,0,1,10.4434835536019,1,8,3,4,0,1,0,1,0,0
8,1,.5,0,0,2,0,1,17,1,3,1,0,0,1,10.4434835536019,1,8,3,4,0,1,0,1,0,0
8,1,1,9,0,4,0,1,14,1,2,1,0,0,1,10.93055997888818,1,8,3,1,0,1,1,1,0,1
9,1,.3333333432674408,0,0,0,0,1,15,1,1,1,0,0,1,10.05335263371851,0,10,1,2,0,1,0,1,0,0
9,.5,.5,6,0,2,0,1,14,1,2,1,0,0,1,11.05502051069832,1,9.5,1,3,0,1,1,1,1,0
8,1,1,0,1,0,0,0,18,1,5,1,1,0,1,10.30944254063349,0,10,0,3,0,1,1,1,0,0
7,2,.5,8,0,1,0,1,14,1,1,0,0,0,1,12.69313916385238,0,15.2,3,3,1,1,1,1,0,1
12,1,1,2,.5,0,0,0,16,1,2,1,0,0,1,11.09605455732804,0,12.33333333333333,1,4,0,1,1,1,0,1
0,0,.5,0,.25,0,0,1,17,1,1,1,0,0,0,9.333406832356074,1,7.5,3,2,0,1,0,1,0,0
1,1,.3333333432674408,0,.25,1,0,1,15,1,2,1,0,0,0,9.333406832356074,1,7.5,3,2,0,1,0,1,0,0
7,2,.6666666865348816,2,0,3,0,0,14,1,2,0,0,0,1,11.23817409612704,0,11.25,2,3,0,1,1,1,0,1
8,1,1.5,0,0,6,0,1,21,1,4,1,1,0,1,11.75566487710787,0,9.333333333333334,1,2,1,1,1,1,0,1
8,3,1.5,9,0,2,0,0,14,1,2,0,0,0,1,11.55943168960094,0,17.5,0,3,0,1,1,1,0,1
10,1,1,6,0,1,0,1,14,1,2,0,0,0,1,10.9369335675157,0,8.5,4,1,0,1,1,1,0,0
9,1,1,7,0,1,0,0,14,1,2,1,0,0,1,10.22697263364982,1,9,1,3,0,1,1,1,0,0
8,1.5,2,5.5,0,2,0,1,16,1,1,1,0,0,0,10.05849499276715,1,9,1,2,0,1,1,1,0,0
8,1.5,1.5,5,.4000000059604645,0,0,0,20,1,5,1,0,0,1,9.518365366914876,0,5.666666666666667,1,2,0,1,1,1,0,0
10,2,3,4,0,1,0,0,16,1,4,0,0,0,1,11.56962805271502,0,13,1,4,0,1,1,1,0,1
8.333333015441895,1,.25,5,0,3,0,1,15,1,3,0,0,0,0,10.39054465906091,1,8,2,4,0,1,0,0,0,0
4,1,1,0,0,6,0,1,22,1,4,1,1,0,1,11.23308333525202,0,9.333333333333334,1,2,0,1,1,1,0,1
10,1.5,.5,0,0,7,0,1,18,1,3,1,0,0,1,10.60465374470674,0,12.5,1,3,0,1,1,1,0,0
11,1,.5,0,.3333333432674408,1.5,0,0,17,1,3,1,0,0,1,11.18260099206429,0,12.5,1,2,0,1,1,1,0,0
8,.5,.5,6.666666507720947,1,1.5,0,0,15,1,4,1,0,0,1,10.65087193991799,1,10.5,2,2,0,1,1,1,0,0
8,.5,.5,5,.5,3.5,0,0,14,1,2,1,0,0,1,10.65087193991799,1,10.5,2,2,0,1,1,1,0,0
9,.5,.75,4,.25,1,0,0,17,1,5,1,0,0,1,9.863430890074564,1,9,1,1,0,1,1,1,0,0
9,.5,1,7,0,2.5,0,0,14,1,1,1,0,0,0,10.94597066222621,1,6.666666666666667,2,6,0,1,1,1,0,0
4,0,.5,0,0,0,0,0,17,1,5,0,0,0,1,10.28415164217822,0,6,1,1,0,1,0,0,0,0
7,.5,2,7,2,0,0,0,18,1,2,1,0,0,0,9.716494560009043,1,4.5,3,4,0,1,1,1,1,0
11,3,1,6,1,1.5,0,0,14,1,2,1,0,0,1,10.86225810397889,1,6,1,4,0,1,1,1,0,0
8,1.5,1,4,0,3,0,1,15,1,2,1,0,0,1,9.825354265272923,1,9,1,3,0,1,0,1,0,0
8,1.5,1,2,0,6,0,1,15,1,3,1,0,0,1,11.51329289745864,0,9.75,1,4,0,1,1,1,0,0
10,.5,0,0,0,0,0,0,15,1,1,1,0,0,0,10.62398046317646,1,7.5,1,6,0,1,1,1,0,1
7,1,1.5,2,.5,1,0,0,22,1,3,1,1,0,1,10.04139342565385,0,10,1,2,0,1,1,1,0,0
9,2,.5,5,0,0,0,1,19,1,5,1,0,0,1,10.35479722093785,0,8.666666666666666,2,1,0,1,0,1,0,0
10,2,2,3,0,0,0,1,14,1,2,0,0,0,1,10.60465374470674,0,9,1,2,0,1,0,1,0,0
12,.75,.3333333432674408,2,0,6,0,1,14,1,2,1,0,0,0,10.2388606486882,1,6,1,4,0,1,0,1,0,0
4,1.5,1,7,0,2,0,0,16,1,4,1,0,0,1,9.564368315698882,1,10.5,2,1,0,1,1,1,0,0
10,1,1,.5,1,1,0,1,27,1,5,1,0,0,1,11.9873860223398,0,14,0,3,0,1,1,1,1,0
8,2,0,0,0,5,0,1,15,1,1,1,1,0,0,10.74263549903368,1,7.666666666666667,0,5,0,1,1,1,0,1
5,1,.6666666865348816,2,0,0,0,1,16,1,4,1,1,0,1,10.99813755727032,0,10,0,4,1,1,1,1,0,0
8,0,.5,6,0,0,0,0,17,1,5,1,0,0,1,11.00070653767419,0,13,2,2,0,1,0,1,0,1
8,2,.5,5,2,0,0,0,16,1,1,1,0,0,1,9.914748063127302,1,6,3,1,0,0,0,1,1,0
9,2,.3333333432674408,5,2,0,0,1,14,1,1,1,0,0,0,9.914748063127302,1,6,3,1,0,0,0,1,1,0
7,2.5,.3333333432674408,6,1,0,0,0,14,1,1,1,0,0,0,10.27261365803855,1,7.5,1,3,0,1,0,0,0,0
12,1.5,1,7,.5,2,0,1,15,1,2,1,0,0,1,10.43187358582343,1,9,1,5,0,1,1,1,0,0
7,.5,.5,8,0,0,0,0,14,1,2,1,0,0,1,10.83966581006328,0,6,1,4,0,1,1,1,0,0
12,1.5,.75,3.5,0,2,0,1,29,1,5,1,1,0,1,10.92072382840767,0,11.5,1,1,0,1,1,1,0,1
8,1,.75,7.5,0,4,0,1,15,1,3,1,0,0,1,10.75549862735456,1,7.333333333333333,1,4,0,1,1,1,0,1
8,1,1,0,1,0,0,0,18,1,4,1,1,0,1,10.46559423561482,1,9,2,3,0,1,1,1,0,0
11,1,2,3,1,0,0,0,15,1,4,1,0,0,1,10.46559423561482,1,9,2,3,0,1,1,1,0,0
12,1,1.5,6.5,0,0,0,0,14,1,2,1,0,0,1,10.46559423561482,1,9,2,3,0,1,1,1,0,0
8,.75,.5,0,.1666666716337204,4,0,1,14,1,2,1,0,0,0,10.73205683719863,1,10.5,2,2,0,1,1,1,1,1
9,1,1,9,0,1.5,0,0,18,1,5,1,0,0,1,10.39274371908079,0,11,1,2,0,1,1,1,0,0
7,1,2,4,2,1,0,0,15,1,3,1,0,0,1,11.08094259845591,0,14.5,1,2,0,1,1,1,0,0
6,.5,1,4,.25,1,0,1,16,1,4,1,0,0,1,10.80221291259067,1,12,1,3,0,1,1,1,0,0
0,1,1,1,.25,2,0,1,14,1,2,1,0,0,1,9.921048453353752,1,9,1,2,0,1,1,1,0,0
8,1,.6666666865348816,6,0,0,0,0,16,1,3,1,0,0,0,11.05478689430648,1,7.5,1,3,0,1,1,1,0,0
8,1,.6666666865348816,0,.1666666716337204,1,0,1,20,1,4,0,1,0,1,11.64408266643206,0,12.25,1,3,0,1,1,1,0,0
7,1,1,6,0,0,0,0,15,1,3,1,0,0,1,10.60248508635758,0,16,1,1,0,1,1,1,0,0
11.5,2,1,0,0,1.5,0,0,16,1,3,1,0,0,1,9.96339191502808,1,9,1,1,0,1,0,1,0,0
8,.5,.3333333432674408,8,0,1.5,0,1,16,1,2,0,0,0,1,11.71156023479609,0,10.66666666666667,1,4,1,1,0,1,0,1
9.5,1,1,7,0,3,0,0,16,1,4,0,0,0,1,11.27416637326419,0,11.33333333333333,3,1,0,1,1,1,0,1
8,.5,1,4,2,2,0,0,20,1,4,1,0,0,1,10.90054718987682,0,7.333333333333333,2,1,1,1,1,1,0,0
9,1,.75,0,.5,4,0,1,16,1,2,1,0,0,0,9.609921536925372,1,11,1,1,0,1,1,1,0,0
5,2.5,1,0,2,1.5,0,0,18,1,5,1,0,0,1,11.52633613855948,0,13.33333333333333,1,4,0,1,1,1,0,1
5,2.5,1,0,2,2,0,0,16,1,3,1,0,0,1,11.52633613855948,0,13.33333333333333,1,4,0,1,1,1,0,1
9,3,1,4,2,4,0,0,17,1,3,1,0,0,0,9.99033933345765,0,10.5,2,1,0,1,0,1,0,0
8,2,1,9,0,1,0,0,17,1,5,0,0,0,1,12.27454236686461,0,16,3,2,1,1,1,1,0,1
9,2,1,8,0,2,0,0,17,1,5,0,0,0,1,12.27454236686461,0,16,3,2,1,1,1,1,0,1
9,.5,1,5,.5,2,0,1,14,1,2,1,0,0,1,10.5486608136023,1,7.5,1,4,0,1,1,1,0,0
8,1,1,4,4.5,2,0,0,37,1,4,1,1,1,1,11.14622976627005,0,10,1,3,0,1,1,1,0,0
8,1,1,1,.5,5,0,1,18,1,4,1,0,0,1,11.14622976627005,0,10,1,3,0,1,1,1,0,0
10,1,.6666666865348816,2.5,0,0,0,0,16,1,3,1,0,0,1,10.47598531961605,1,7.5,1,4,0,1,0,1,0,0
12,1,1,1,1,2,0,1,14,1,2,1,0,0,1,11.25400856816334,0,12,1,2,1,1,1,1,0,0
8,1.5,.5,.5,0,4,0,1,18,1,4,1,0,0,1,10.52962248815847,0,10.5,1,2,0,1,1,0,0,0
9,1.5,1.5,0,4,1.5,0,0,14,1,2,1,0,0,1,10.21200029733827,1,9,1,5,1,1,0,1,0,0
8,2,1,.25,0,3,0,1,16,1,4,1,0,0,1,10.52652721318133,1,9,2,2,0,1,1,1,0,1
8,2,1,.3333333432674408,0,3,0,1,15,1,3,1,0,0,1,10.52652721318133,1,9,2,2,0,1,1,1,0,1
8,1,1,4,2,0,0,0,17,1,2,1,0,0,1,10.68394481546881,0,8.25,2,4,0,1,1,1,0,0
0,.5,1.5,0,3,1,0,0,16,1,1,1,0,0,0,9.655043240090624,1,7.5,2,4,0,1,1,1,0,0
2,3,1,0,0,0,0,1,14,1,1,1,0,0,0,9.655043240090624,1,7.5,2,4,0,1,1,1,0,0
8,2,2,8,1,3,0,0,15,1,2,1,0,0,1,10.80065112093704,1,12.5,3,1,1,1,0,1,0,0
7,1.5,2,6,3,0,0,0,37,1,6,1,0,1,1,10.56700816855872,1,12,2,2,0,1,0,1,0,0
11,.3333333432674408,.5,2,0,0,0,0,18,1,4,1,0,0,1,10.56700816855872,1,12,2,2,0,1,0,1,0,0
8,1,1,3,9,2,0,0,19,1,4,1,0,1,1,10.68321647613959,1,10.33333333333333,1,4,0,1,1,1,0,0
8,1,1,6,0,0,0,0,18,1,4,1,0,0,1,10.68321647613959,1,10.33333333333333,1,4,0,1,1,1,0,0
9.5,1.5,.5,0,0,5,0,1,15,1,1,1,0,0,1,10.73588566758797,1,7.5,2,2,0,1,0,1,0,0
7,2.25,.4166666567325592,5,0,8,0,1,14,1,1,1,1,0,1,10.05644714907449,1,6,1,3,0,1,1,1,0,0
8,1,.3333333432674408,3,0,7,0,1,14,1,2,1,0,0,0,10.05644714907449,1,6,1,3,0,1,1,1,0,0
8,1,1,5,0,1,0,1,15,1,2,1,0,0,0,10.77708758295543,1,6,3,4,0,1,0,1,0,0
12,1,1,1.5,0,3,0,0,18,1,5,1,1,0,0,9.900045785226661,1,6,1,3,0,1,1,1,0,0
10,.3166666626930237,.1666666716337204,0,2,0,0,0,16,1,4,1,0,0,1,10.57012159560542,1,11,2,1,0,1,1,1,0,0
8,.25,.3333333432674408,8,.1666666716337204,0,0,1,14,1,2,0,0,0,1,10.57012159560542,1,11,2,1,0,1,1,1,0,0
7.5,.5,1,6,1.5,2,0,0,15,1,4,1,1,0,1,10.22901197188729,1,7,1,5,0,1,1,1,0,0
8,1,.6666666865348816,5,0,2,0,1,14,1,2,1,1,0,0,10.57144950540483,1,8,0,8,0,1,1,1,0,0
9,3,1,5,0,0,0,0,16,1,4,0,0,0,1,11.67940508722556,0,17,1,4,1,1,1,1,0,1
12,.1666666716337204,.5,0,0,5,0,1,14,1,2,1,0,0,0,10.18346702255215,1,2,2,5,0,1,0,1,0,1
8,.5,1.5,0,2,0,0,0,28,1,1,1,1,1,1,10.47902337020308,1,9,0,5,0,1,1,1,0,1
11.5,1.5,1.5,6,0,3,0,0,17,1,3,1,0,0,1,10.85958305773644,1,10.5,2,4,0,1,1,1,0,0
10,1,1,0,.3333333432674408,6,0,1,14,1,2,1,0,0,0,10.48383245648946,1,9.5,2,4,0,1,0,1,0,0
8,3,1.5,2,.6666666865348816,2,0,0,14,1,2,1,0,0,1,10.95145107590529,0,12,1,4,1,1,1,1,0,0
8,2,1,4,0,1,0,0,14,1,2,0,0,0,1,11.68559458653571,0,15,1,3,0,1,0,1,0,1
7,1,.5,9,0,2,0,0,16,1,4,0,0,0,1,10.17250807641371,0,11,1,1,0,1,1,1,0,1
8,1,.5,4,0,0,0,1,21,1,4,1,0,0,1,10.94435843392722,0,9.5,1,2,0,1,1,1,0,1
8,1,.75,0,0,3,0,1,18,1,4,1,1,0,1,10.94435843392722,0,9.5,1,2,0,1,1,1,0,1
7,1,2,5,0,1,0,0,15,1,3,1,0,0,1,10.45800608579939,0,11.5,1,2,0,1,1,1,0,0
9,1,.5,1,0,7,0,1,16,1,4,1,0,0,1,11.4901406513735,0,10,2,2,0,1,1,1,0,1
5,1,1.5,0,4,4,0,0,40,0,2,1,1,1,1,10.67235161689798,1,7.5,3,3,0,1,1,1,0,0
7,.5,1,8,0,0,0,0,15,1,2,1,0,0,1,10.67235161689798,1,7.5,3,3,0,1,1,1,0,0
7.5,.5,.5,6,1,3,0,1,14,1,1,1,0,0,1,10.67235161689798,1,7.5,3,3,0,1,1,1,0,0
8.5,.5,.6666666865348816,3.666666746139526,1,5,0,1,14,1,1,1,0,0,1,10.67235161689798,1,7.5,3,3,0,1,1,1,0,0
12,.75,1,.5,0,2,0,1,15,1,3,1,0,0,1,10.28924982836842,0,12,1,1,0,1,1,1,0,0
9,2,.5,2,0,2,0,0,17,1,5,1,0,0,0,10.60318158892433,0,7.5,3,1,0,1,1,1,0,0
9,2,1,0,0,3,0,0,16,1,3,1,0,0,1,10.60318158892433,0,7.5,3,1,0,1,1,1,0,0
8,.5,1.166666626930237,5,0,3,0,0,16,1,4,0,0,0,1,11.46048561880648,1,13.33333333333333,2,4,0,1,1,1,0,0
10,2,1,0,1.5,8,0,0,16,1,2,1,0,0,1,10.42139762224917,1,6,1,2,0,1,1,1,0,0
10,2,1,6,0,2,0,1,14,1,1,1,0,0,1,10.24614206800028,0,12,1,3,0,1,1,1,0,1
10,1.25,.4166666567325592,0,0,0,0,0,21,1,4,1,1,0,1,10.21667800231271,0,9.5,0,2,0,1,0,0,0,1
8,1,.5,8,0,1.75,0,1,14,1,2,0,0,0,1,11.23726787446263,0,13.5,1,3,0,1,1,1,0,1
8,.5,1.166666626930237,0,0,1,0,0,20,1,5,1,0,1,0,10.34592244492099,0,10.33333333333333,2,2,0,1,1,0,0,0
0,0,.5,4,.25,0,0,1,16,1,4,1,0,0,1,10.3667827932751,1,6,2,1,0,1,1,1,0,0
0,.3333333432674408,.6666666865348816,5,.25,1,0,1,15,1,2,1,0,0,0,10.3667827932751,1,6,2,1,0,1,1,1,0,0
10.5,2,1.5,3,2,5,0,0,17,1,5,0,0,0,1,11.07131982194822,1,17,1,3,0,1,1,1,0,1
9,1,1,6,0,0,0,1,18,1,4,1,0,0,0,10.22857378536165,0,11,1,2,0,1,1,1,0,0
12.5,2.5,1,2.5,0,2,0,1,14,1,2,1,0,0,1,10.02834623738276,1,7.5,1,2,0,1,0,1,0,0
10,2,1.5,3,0,0,0,0,15,1,3,1,0,0,1,10.92644374825274,1,10.25,1,6,0,1,1,1,0,0
8,1,.25,6,2,1,0,1,14,1,1,1,0,0,1,10.44356775751586,0,7.5,3,0,0,1,1,1,1,0
8,2,.5,2,.5,0,0,1,14,1,2,1,0,0,1,9.633911898389249,1,7.5,1,2,0,1,0,1,0,1
5.5,1.5,2,1.5,0,2,0,0,14,1,2,1,0,0,1,10.88428711760717,1,8,2,3,0,1,1,1,0,0
5,1,1,0,0,0,0,1,18,1,5,1,1,0,1,11.65541802364311,0,4,1,6,0,1,1,1,0,0
8,1,1,8,0,4,0,1,15,1,3,1,0,0,0,10.12788164062912,1,7.333333333333333,4,4,0,1,1,1,0,0
10,.3333333432674408,1,0,.1666666716337204,0,0,0,18,0,1,1,0,0,1,10.45745024895981,0,2.666666666666667,3,0,0,1,1,1,0,0
8,3,3,0,1,4,0,0,19,1,3,1,0,0,1,10.62715309849039,1,10.4,2,6,0,1,1,1,0,0
6,2,1.333333373069763,4,0,4,0,1,14,1,1,1,0,0,1,10.62715309849039,1,10.4,2,6,0,1,1,1,0,0
10,1,1,5.75,1,0,0,0,15,1,1,1,0,0,1,10.10336124866049,1,7.5,1,3,0,1,1,1,0,0
9,.25,.75,4,0,0,0,0,19,1,4,1,1,0,1,11.49796105460389,0,11.75,2,5,0,1,0,1,0,0
0,0,0,0,0,0,0,1,17,1,4,1,0,0,1,11.49796105460389,0,11.75,2,5,0,1,0,1,0,0
8,1,.5,0,4,0,0,0,31,1,4,1,1,1,1,10.91184776426887,1,10.5,0,3,0,1,1,1,0,0
8,2,1,2,0,5,0,1,15,1,2,1,0,0,1,10.77023783885015,0,8.333333333333334,3,1,0,1,1,1,0,0
10,1,1,0,0,1.5,0,0,17,0,3,1,0,0,0,9.33761693744643,1,6,2,3,0,1,0,1,0,0
8,1,.5,6,0,4,0,1,16,1,2,1,0,0,0,9.33761693744643,1,6,2,3,0,1,0,1,0,0
8,1,2,5,0,2,0,1,14,1,1,1,0,0,1,10.7191775341863,0,7.333333333333333,1,3,0,1,1,1,0,0
9,1,.3333333432674408,6,0,3,0,1,18,1,4,1,0,0,1,10.57972760977936,0,12,2,2,0,1,0,1,0,0
9,.6666666865348816,1,5,0,3.5,0,1,14,1,1,1,0,0,1,10.56515593383934,0,9,1,2,0,1,1,1,0,1
9,2,.25,0,.25,0,0,0,17,1,5,1,0,0,1,9.985406191856797,0,7.5,1,2,0,1,0,1,0,0
10,1,.5,3,0,5,0,0,16,1,4,0,0,0,1,11.01469452745129,0,17,2,1,0,1,1,1,0,1
